-4.000000 -4.000000 -0.011972
-4.000000 -3.800000 -0.014487
-4.000000 -3.600000 -0.016425
-4.000000 -3.400000 -0.017708
-4.000000 -3.200000 -0.018284
-4.000000 -3.000000 -0.018132
-4.000000 -2.800000 -0.017257
-4.000000 -2.600000 -0.015694
-4.000000 -2.400000 -0.013506
-4.000000 -2.200000 -0.010779
-4.000000 -2.000000 -0.007622
-4.000000 -1.800000 -0.004161
-4.000000 -1.600000 -0.000535
-4.000000 -1.400000 0.003113
-4.000000 -1.200000 0.006637
-4.000000 -1.000000 0.009896
-4.000000 -0.800000 0.012761
-4.000000 -0.600000 0.015117
-4.000000 -0.400000 0.016870
-4.000000 -0.200000 0.017951
-4.000000 0.000000 0.018316
-4.000000 0.200000 0.017951
-4.000000 0.400000 0.016870
-4.000000 0.600000 0.015117
-4.000000 0.800000 0.012761
-4.000000 1.000000 0.009896
-4.000000 1.200000 0.006637
-4.000000 1.400000 0.003113
-4.000000 1.600000 -0.000535
-4.000000 1.800000 -0.004161
-4.000000 2.000000 -0.007622
-4.000000 2.200000 -0.010779
-4.000000 2.400000 -0.013506
-4.000000 2.600000 -0.015694
-4.000000 2.800000 -0.017257
-4.000000 3.000000 -0.018132
-4.000000 3.200000 -0.018284
-4.000000 3.400000 -0.017708
-4.000000 3.600000 -0.016425
-4.000000 3.800000 -0.014487
-4.000000 4.000000 -0.011972

-3.800000 -4.000000 -0.014623
-3.800000 -3.800000 -0.017695
-3.800000 -3.600000 -0.020061
-3.800000 -3.400000 -0.021628
-3.800000 -3.200000 -0.022333
-3.800000 -3.000000 -0.022147
-3.800000 -2.800000 -0.021078
-3.800000 -2.600000 -0.019169
-3.800000 -2.400000 -0.016496
-3.800000 -2.200000 -0.013165
-3.800000 -2.000000 -0.009310
-3.800000 -1.800000 -0.005083
-3.800000 -1.600000 -0.000653
-3.800000 -1.400000 0.003802
-3.800000 -1.200000 0.008106
-3.800000 -1.000000 0.012087
-3.800000 -0.800000 0.015586
-3.800000 -0.600000 0.018463
-3.800000 -0.400000 0.020605
-3.800000 -0.200000 0.021925
-3.800000 0.000000 0.022371
-3.800000 0.200000 0.021925
-3.800000 0.400000 0.020605
-3.800000 0.600000 0.018463
-3.800000 0.800000 0.015586
-3.800000 1.000000 0.012087
-3.800000 1.200000 0.008106
-3.800000 1.400000 0.003802
-3.800000 1.600000 -0.000653
-3.800000 1.800000 -0.005083
-3.800000 2.000000 -0.009310
-3.800000 2.200000 -0.013165
-3.800000 2.400000 -0.016496
-3.800000 2.600000 -0.019169
-3.800000 2.800000 -0.021078
-3.800000 3.000000 -0.022147
-3.800000 3.200000 -0.022333
-3.800000 3.400000 -0.021628
-3.800000 3.600000 -0.020061
-3.800000 3.800000 -0.017695
-3.800000 4.000000 -0.014623

-3.600000 -4.000000 -0.017860
-3.600000 -3.800000 -0.021612
-3.600000 -3.600000 -0.024503
-3.600000 -3.400000 -0.026417
-3.600000 -3.200000 -0.027277
-3.600000 -3.000000 -0.027050
-3.600000 -2.800000 -0.025745
-3.600000 -2.600000 -0.023413
-3.600000 -2.400000 -0.020148
-3.600000 -2.200000 -0.016080
-3.600000 -2.000000 -0.011371
-3.600000 -1.800000 -0.006208
-3.600000 -1.600000 -0.000798
-3.600000 -1.400000 0.004644
-3.600000 -1.200000 0.009901
-3.600000 -1.000000 0.014763
-3.600000 -0.800000 0.019037
-3.600000 -0.600000 0.022551
-3.600000 -0.400000 0.025167
-3.600000 -0.200000 0.026779
-3.600000 0.000000 0.027324
-3.600000 0.200000 0.026779
-3.600000 0.400000 0.025167
-3.600000 0.600000 0.022551
-3.600000 0.800000 0.019037
-3.600000 1.000000 0.014763
-3.600000 1.200000 0.009901
-3.600000 1.400000 0.004644
-3.600000 1.600000 -0.000798
-3.600000 1.800000 -0.006208
-3.600000 2.000000 -0.011371
-3.600000 2.200000 -0.016080
-3.600000 2.400000 -0.020148
-3.600000 2.600000 -0.023413
-3.600000 2.800000 -0.025745
-3.600000 3.000000 -0.027050
-3.600000 3.200000 -0.027277
-3.600000 3.400000 -0.026417
-3.600000 3.600000 -0.024503
-3.600000 3.800000 -0.021612
-3.600000 4.000000 -0.017860

-3.400000 -4.000000 -0.021814
-3.400000 -3.800000 -0.026397
-3.400000 -3.600000 -0.029928
-3.400000 -3.400000 -0.032265
-3.400000 -3.200000 -0.033316
-3.400000 -3.000000 -0.033039
-3.400000 -2.800000 -0.031445
-3.400000 -2.600000 -0.028597
-3.400000 -2.400000 -0.024609
-3.400000 -2.200000 -0.019640
-3.400000 -2.000000 -0.013888
-3.400000 -1.800000 -0.007582
-3.400000 -1.600000 -0.000974
-3.400000 -1.400000 0.005672
-3.400000 -1.200000 0.012093
-3.400000 -1.000000 0.018032
-3.400000 -0.800000 0.023251
-3.400000 -0.600000 0.027544
-3.400000 -0.400000 0.030739
-3.400000 -0.200000 0.032708
-3.400000 0.000000 0.033373
-3.400000 0.200000 0.032708
-3.400000 0.400000 0.030739
-3.400000 0.600000 0.027544
-3.400000 0.800000 0.023251
-3.400000 1.000000 0.018032
-3.400000 1.200000 0.012093
-3.400000 1.400000 0.005672
-3.400000 1.600000 -0.000974
-3.400000 1.800000 -0.007582
-3.400000 2.000000 -0.013888
-3.400000 2.200000 -0.019640
-3.400000 2.400000 -0.024609
-3.400000 2.600000 -0.028597
-3.400000 2.800000 -0.031445
-3.400000 3.000000 -0.033039
-3.400000 3.200000 -0.033316
-3.400000 3.400000 -0.032265
-3.400000 3.600000 -0.029928
-3.400000 3.800000 -0.026397
-3.400000 4.000000 -0.021814

-3.200000 -4.000000 -0.026644
-3.200000 -3.800000 -0.032242
-3.200000 -3.600000 -0.036554
-3.200000 -3.400000 -0.039409
-3.200000 -3.200000 -0.040693
-3.200000 -3.000000 -0.040354
-3.200000 -2.800000 -0.038407
-3.200000 -2.600000 -0.034929
-3.200000 -2.400000 -0.030058
-3.200000 -2.200000 -0.023989
-3.200000 -2.000000 -0.016963
-3.200000 -1.800000 -0.009261
-3.200000 -1.600000 -0.001190
-3.200000 -1.400000 0.006928
-3.200000 -1.200000 0.014771
-3.200000 -1.000000 0.022024
-3.200000 -0.800000 0.028399
-3.200000 -0.600000 0.033642
-3.200000 -0.400000 0.037544
-3.200000 -0.200000 0.039950
-3.200000 0.000000 0.040762
-3.200000 0.200000 0.039950
-3.200000 0.400000 0.037544
-3.200000 0.600000 0.033642
-3.200000 0.800000 0.028399
-3.200000 1.000000 0.022024
-3.200000 1.200000 0.014771
-3.200000 1.400000 0.006928
-3.200000 1.600000 -0.001190
-3.200000 1.800000 -0.009261
-3.200000 2.000000 -0.016963
-3.200000 2.200000 -0.023989
-3.200000 2.400000 -0.030058
-3.200000 2.600000 -0.034929
-3.200000 2.800000 -0.038407
-3.200000 3.000000 -0.040354
-3.200000 3.200000 -0.040693
-3.200000 3.400000 -0.039409
-3.200000 3.600000 -0.036554
-3.200000 3.800000 -0.032242
-3.200000 4.000000 -0.026644

-3.000000 -4.000000 -0.032543
-3.000000 -3.800000 -0.039380
-3.000000 -3.600000 -0.044647
-3.000000 -3.400000 -0.048134
-3.000000 -3.200000 -0.049702
-3.000000 -3.000000 -0.049289
-3.000000 -2.800000 -0.046910
-3.000000 -2.600000 -0.042662
-3.000000 -2.400000 -0.036713
-3.000000 -2.200000 -0.029300
-3.000000 -2.000000 -0.020719
-3.000000 -1.800000 -0.011312
-3.000000 -1.600000 -0.001454
-3.000000 -1.400000 0.008462
-3.000000 -1.200000 0.018041
-3.000000 -1.000000 0.026900
-3.000000 -0.800000 0.034687
-3.000000 -0.600000 0.041091
-3.000000 -0.400000 0.045857
-3.000000 -0.200000 0.048795
-3.000000 0.000000 0.049787
-3.000000 0.200000 0.048795
-3.000000 0.400000 0.045857
-3.000000 0.600000 0.041091
-3.000000 0.800000 0.034687
-3.000000 1.000000 0.026900
-3.000000 1.200000 0.018041
-3.000000 1.400000 0.008462
-3.000000 1.600000 -0.001454
-3.000000 1.800000 -0.011312
-3.000000 2.000000 -0.020719
-3.000000 2.200000 -0.029300
-3.000000 2.400000 -0.036713
-3.000000 2.600000 -0.042662
-3.000000 2.800000 -0.046910
-3.000000 3.000000 -0.049289
-3.000000 3.200000 -0.049702
-3.000000 3.400000 -0.048134
-3.000000 3.600000 -0.044647
-3.000000 3.800000 -0.039380
-3.000000 4.000000 -0.032543

-2.800000 -4.000000 -0.039748
-2.800000 -3.800000 -0.048099
-2.800000 -3.600000 -0.054532
-2.800000 -3.400000 -0.058791
-2.800000 -3.200000 -0.060706
-2.800000 -3.000000 -0.060202
-2.800000 -2.800000 -0.057297
-2.800000 -2.600000 -0.052107
-2.800000 -2.400000 -0.044841
-2.800000 -2.200000 -0.035787
-2.800000 -2.000000 -0.025306
-2.800000 -1.800000 -0.013816
-2.800000 -1.600000 -0.001776
-2.800000 -1.400000 0.010336
-2.800000 -1.200000 0.022035
-2.800000 -1.000000 0.032856
-2.800000 -0.800000 0.042367
-2.800000 -0.600000 0.050189
-2.800000 -0.400000 0.056010
-2.800000 -0.200000 0.059598
-2.800000 0.000000 0.060810
-2.800000 0.200000 0.059598
-2.800000 0.400000 0.056010
-2.800000 0.600000 0.050189
-2.800000 0.800000 0.042367
-2.800000 1.000000 0.032856
-2.800000 1.200000 0.022035
-2.800000 1.400000 0.010336
-2.800000 1.600000 -0.001776
-2.800000 1.800000 -0.013816
-2.800000 2.000000 -0.025306
-2.800000 2.200000 -0.035787
-2.800000 2.400000 -0.044841
-2.800000 2.600000 -0.052107
-2.800000 2.800000 -0.057297
-2.800000 3.000000 -0.060202
-2.800000 3.200000 -0.060706
-2.800000 3.400000 -0.058791
-2.800000 3.600000 -0.054532
-2.800000 3.800000 -0.048099
-2.800000 4.000000 -0.039748

-2.600000 -4.000000 -0.048548
-2.600000 -3.800000 -0.058748
-2.600000 -3.600000 -0.066605
-2.600000 -3.400000 -0.071808
-2.600000 -3.200000 -0.074147
-2.600000 -3.000000 -0.073530
-2.600000 -2.800000 -0.069982
-2.600000 -2.600000 -0.063644
-2.600000 -2.400000 -0.054769
-2.600000 -2.200000 -0.043710
-2.600000 -2.000000 -0.030909
-2.600000 -1.800000 -0.016875
-2.600000 -1.600000 -0.002169
-2.600000 -1.400000 0.012624
-2.600000 -1.200000 0.026914
-2.600000 -1.000000 0.040130
-2.600000 -0.800000 0.051747
-2.600000 -0.600000 0.061301
-2.600000 -0.400000 0.068410
-2.600000 -0.200000 0.072793
-2.600000 0.000000 0.074274
-2.600000 0.200000 0.072793
-2.600000 0.400000 0.068410
-2.600000 0.600000 0.061301
-2.600000 0.800000 0.051747
-2.600000 1.000000 0.040130
-2.600000 1.200000 0.026914
-2.600000 1.400000 0.012624
-2.600000 1.600000 -0.002169
-2.600000 1.800000 -0.016875
-2.600000 2.000000 -0.030909
-2.600000 2.200000 -0.043710
-2.600000 2.400000 -0.054769
-2.600000 2.600000 -0.063644
-2.600000 2.800000 -0.069982
-2.600000 3.000000 -0.073530
-2.600000 3.200000 -0.074147
-2.600000 3.400000 -0.071808
-2.600000 3.600000 -0.066605
-2.600000 3.800000 -0.058748
-2.600000 4.000000 -0.048548

-2.400000 -4.000000 -0.059297
-2.400000 -3.800000 -0.071755
-2.400000 -3.600000 -0.081352
-2.400000 -3.400000 -0.087706
-2.400000 -3.200000 -0.090563
-2.400000 -3.000000 -0.089810
-2.400000 -2.800000 -0.085476
-2.400000 -2.600000 -0.077735
-2.400000 -2.400000 -0.066895
-2.400000 -2.200000 -0.053388
-2.400000 -2.000000 -0.037752
-2.400000 -1.800000 -0.020611
-2.400000 -1.600000 -0.002649
-2.400000 -1.400000 0.015419
-2.400000 -1.200000 0.032872
-2.400000 -1.000000 0.049015
-2.400000 -0.800000 0.063204
-2.400000 -0.600000 0.074873
-2.400000 -0.400000 0.083557
-2.400000 -0.200000 0.088910
-2.400000 0.000000 0.090718
-2.400000 0.200000 0.088910
-2.400000 0.400000 0.083557
-2.400000 0.600000 0.074873
-2.400000 0.800000 0.063204
-2.400000 1.000000 0.049015
-2.400000 1.200000 0.032872
-2.400000 1.400000 0.015419
-2.400000 1.600000 -0.002649
-2.400000 1.800000 -0.020611
-2.400000 2.000000 -0.037752
-2.400000 2.200000 -0.053388
-2.400000 2.400000 -0.066895
-2.400000 2.600000 -0.077735
-2.400000 2.800000 -0.085476
-2.400000 3.000000 -0.089810
-2.400000 3.200000 -0.090563
-2.400000 3.400000 -0.087706
-2.400000 3.600000 -0.081352
-2.400000 3.800000 -0.071755
-2.400000 4.000000 -0.059297

-2.200000 -4.000000 -0.072426
-2.200000 -3.800000 -0.087642
-2.200000 -3.600000 -0.099364
-2.200000 -3.400000 -0.107124
-2.200000 -3.200000 -0.110614
-2.200000 -3.000000 -0.109694
-2.200000 -2.800000 -0.104401
-2.200000 -2.600000 -0.094946
-2.200000 -2.400000 -0.081706
-2.200000 -2.200000 -0.065208
-2.200000 -2.000000 -0.046110
-2.200000 -1.800000 -0.025175
-2.200000 -1.600000 -0.003235
-2.200000 -1.400000 0.018833
-2.200000 -1.200000 0.040150
-2.200000 -1.000000 0.059867
-2.200000 -0.800000 0.077197
-2.200000 -0.600000 0.091450
-2.200000 -0.400000 0.102056
-2.200000 -0.200000 0.108594
-2.200000 0.000000 0.110803
-2.200000 0.200000 0.108594
-2.200000 0.400000 0.102056
-2.200000 0.600000 0.091450
-2.200000 0.800000 0.077197
-2.200000 1.000000 0.059867
-2.200000 1.200000 0.040150
-2.200000 1.400000 0.018833
-2.200000 1.600000 -0.003235
-2.200000 1.800000 -0.025175
-2.200000 2.000000 -0.046110
-2.200000 2.200000 -0.065208
-2.200000 2.400000 -0.081706
-2.200000 2.600000 -0.094946
-2.200000 2.800000 -0.104401
-2.200000 3.000000 -0.109694
-2.200000 3.200000 -0.110614
-2.200000 3.400000 -0.107124
-2.200000 3.600000 -0.099364
-2.200000 3.800000 -0.087642
-2.200000 4.000000 -0.072426

-2.000000 -4.000000 -0.088461
-2.000000 -3.800000 -0.107046
-2.000000 -3.600000 -0.121363
-2.000000 -3.400000 -0.130842
-2.000000 -3.200000 -0.135105
-2.000000 -3.000000 -0.133981
-2.000000 -2.800000 -0.127516
-2.000000 -2.600000 -0.115967
-2.000000 -2.400000 -0.099795
-2.000000 -2.200000 -0.079645
-2.000000 -2.000000 -0.056319
-2.000000 -1.800000 -0.030748
-2.000000 -1.600000 -0.003952
-2.000000 -1.400000 0.023003
-2.000000 -1.200000 0.049040
-2.000000 -1.000000 0.073122
-2.000000 -0.800000 0.094289
-2.000000 -0.600000 0.111697
-2.000000 -0.400000 0.124652
-2.000000 -0.200000 0.132638
-2.000000 0.000000 0.135335
-2.000000 0.200000 0.132638
-2.000000 0.400000 0.124652
-2.000000 0.600000 0.111697
-2.000000 0.800000 0.094289
-2.000000 1.000000 0.073122
-2.000000 1.200000 0.049040
-2.000000 1.400000 0.023003
-2.000000 1.600000 -0.003952
-2.000000 1.800000 -0.030748
-2.000000 2.000000 -0.056319
-2.000000 2.200000 -0.079645
-2.000000 2.400000 -0.099795
-2.000000 2.600000 -0.115967
-2.000000 2.800000 -0.127516
-2.000000 3.000000 -0.133981
-2.000000 3.200000 -0.135105
-2.000000 3.400000 -0.130842
-2.000000 3.600000 -0.121363
-2.000000 3.800000 -0.107046
-2.000000 4.000000 -0.088461

-1.800000 -4.000000 -0.108047
-1.800000 -3.800000 -0.130746
-1.800000 -3.600000 -0.148233
-1.800000 -3.400000 -0.159811
-1.800000 -3.200000 -0.165017
-1.800000 -3.000000 -0.163645
-1.800000 -2.800000 -0.155748
-1.800000 -2.600000 -0.141643
-1.800000 -2.400000 -0.121890
-1.800000 -2.200000 -0.097279
-1.800000 -2.000000 -0.068789
-1.800000 -1.800000 -0.037556
-1.800000 -1.600000 -0.004827
-1.800000 -1.400000 0.028095
-1.800000 -1.200000 0.059897
-1.800000 -1.000000 0.089311
-1.800000 -0.800000 0.115165
-1.800000 -0.600000 0.136427
-1.800000 -0.400000 0.152250
-1.800000 -0.200000 0.162004
-1.800000 0.000000 0.165299
-1.800000 0.200000 0.162004
-1.800000 0.400000 0.152250
-1.800000 0.600000 0.136427
-1.800000 0.800000 0.115165
-1.800000 1.000000 0.089311
-1.800000 1.200000 0.059897
-1.800000 1.400000 0.028095
-1.800000 1.600000 -0.004827
-1.800000 1.800000 -0.037556
-1.800000 2.000000 -0.068789
-1.800000 2.200000 -0.097279
-1.800000 2.400000 -0.121890
-1.800000 2.600000 -0.141643
-1.800000 2.800000 -0.155748
-1.800000 3.000000 -0.163645
-1.800000 3.200000 -0.165017
-1.800000 3.400000 -0.159811
-1.800000 3.600000 -0.148233
-1.800000 3.800000 -0.130746
-1.800000 4.000000 -0.108047

-1.600000 -4.000000 -0.131968
-1.600000 -3.800000 -0.159694
-1.600000 -3.600000 -0.181052
-1.600000 -3.400000 -0.195193
-1.600000 -3.200000 -0.201552
-1.600000 -3.000000 -0.199876
-1.600000 -2.800000 -0.190231
-1.600000 -2.600000 -0.173003
-1.600000 -2.400000 -0.148877
-1.600000 -2.200000 -0.118816
-1.600000 -2.000000 -0.084019
-1.600000 -1.800000 -0.045871
-1.600000 -1.600000 -0.005895
-1.600000 -1.400000 0.034316
-1.600000 -1.200000 0.073159
-1.600000 -1.000000 0.109085
-1.600000 -0.800000 0.140663
-1.600000 -0.600000 0.166632
-1.600000 -0.400000 0.185959
-1.600000 -0.200000 0.197872
-1.600000 0.000000 0.201897
-1.600000 0.200000 0.197872
-1.600000 0.400000 0.185959
-1.600000 0.600000 0.166632
-1.600000 0.800000 0.140663
-1.600000 1.000000 0.109085
-1.600000 1.200000 0.073159
-1.600000 1.400000 0.034316
-1.600000 1.600000 -0.005895
-1.600000 1.800000 -0.045871
-1.600000 2.000000 -0.084019
-1.600000 2.200000 -0.118816
-1.600000 2.400000 -0.148877
-1.600000 2.600000 -0.173003
-1.600000 2.800000 -0.190231
-1.600000 3.000000 -0.199876
-1.600000 3.200000 -0.201552
-1.600000 3.400000 -0.195193
-1.600000 3.600000 -0.181052
-1.600000 3.800000 -0.159694
-1.600000 4.000000 -0.131968

-1.400000 -4.000000 -0.161187
-1.400000 -3.800000 -0.195050
-1.400000 -3.600000 -0.221138
-1.400000 -3.400000 -0.238409
-1.400000 -3.200000 -0.246176
-1.400000 -3.000000 -0.244129
-1.400000 -2.800000 -0.232349
-1.400000 -2.600000 -0.211306
-1.400000 -2.400000 -0.181839
-1.400000 -2.200000 -0.145123
-1.400000 -2.000000 -0.102621
-1.400000 -1.800000 -0.056027
-1.400000 -1.600000 -0.007201
-1.400000 -1.400000 0.041913
-1.400000 -1.200000 0.089356
-1.400000 -1.000000 0.133237
-1.400000 -0.800000 0.171806
-1.400000 -0.600000 0.203525
-1.400000 -0.400000 0.227131
-1.400000 -0.200000 0.241681
-1.400000 0.000000 0.246597
-1.400000 0.200000 0.241681
-1.400000 0.400000 0.227131
-1.400000 0.600000 0.203525
-1.400000 0.800000 0.171806
-1.400000 1.000000 0.133237
-1.400000 1.200000 0.089356
-1.400000 1.400000 0.041913
-1.400000 1.600000 -0.007201
-1.400000 1.800000 -0.056027
-1.400000 2.000000 -0.102621
-1.400000 2.200000 -0.145123
-1.400000 2.400000 -0.181839
-1.400000 2.600000 -0.211306
-1.400000 2.800000 -0.232349
-1.400000 3.000000 -0.244129
-1.400000 3.200000 -0.246176
-1.400000 3.400000 -0.238409
-1.400000 3.600000 -0.221138
-1.400000 3.800000 -0.195050
-1.400000 4.000000 -0.161187

-1.200000 -4.000000 -0.196874
-1.200000 -3.800000 -0.238235
-1.200000 -3.600000 -0.270098
-1.200000 -3.400000 -0.291194
-1.200000 -3.200000 -0.300681
-1.200000 -3.000000 -0.298180
-1.200000 -2.800000 -0.283792
-1.200000 -2.600000 -0.258090
-1.200000 -2.400000 -0.222099
-1.200000 -2.200000 -0.177253
-1.200000 -2.000000 -0.125341
-1.200000 -1.800000 -0.068432
-1.200000 -1.600000 -0.008795
-1.200000 -1.400000 0.051193
-1.200000 -1.200000 0.109140
-1.200000 -1.000000 0.162736
-1.200000 -0.800000 0.209844
-1.200000 -0.600000 0.248586
-1.200000 -0.400000 0.277418
-1.200000 -0.200000 0.295190
-1.200000 0.000000 0.301194
-1.200000 0.200000 0.295190
-1.200000 0.400000 0.277418
-1.200000 0.600000 0.248586
-1.200000 0.800000 0.209844
-1.200000 1.000000 0.162736
-1.200000 1.200000 0.109140
-1.200000 1.400000 0.051193
-1.200000 1.600000 -0.008795
-1.200000 1.800000 -0.068432
-1.200000 2.000000 -0.125341
-1.200000 2.200000 -0.177253
-1.200000 2.400000 -0.222099
-1.200000 2.600000 -0.258090
-1.200000 2.800000 -0.283792
-1.200000 3.000000 -0.298180
-1.200000 3.200000 -0.300681
-1.200000 3.400000 -0.291194
-1.200000 3.600000 -0.270098
-1.200000 3.800000 -0.238235
-1.200000 4.000000 -0.196874

-1.000000 -4.000000 -0.240462
-1.000000 -3.800000 -0.290981
-1.000000 -3.600000 -0.329899
-1.000000 -3.400000 -0.355665
-1.000000 -3.200000 -0.367252
-1.000000 -3.000000 -0.364198
-1.000000 -2.800000 -0.346624
-1.000000 -2.600000 -0.315232
-1.000000 -2.400000 -0.271272
-1.000000 -2.200000 -0.216497
-1.000000 -2.000000 -0.153092
-1.000000 -1.800000 -0.083583
-1.000000 -1.600000 -0.010742
-1.000000 -1.400000 0.062527
-1.000000 -1.200000 0.133304
-1.000000 -1.000000 0.198766
-1.000000 -0.800000 0.256304
-1.000000 -0.600000 0.303624
-1.000000 -0.400000 0.338839
-1.000000 -0.200000 0.360546
-1.000000 0.000000 0.367879
-1.000000 0.200000 0.360546
-1.000000 0.400000 0.338839
-1.000000 0.600000 0.303624
-1.000000 0.800000 0.256304
-1.000000 1.000000 0.198766
-1.000000 1.200000 0.133304
-1.000000 1.400000 0.062527
-1.000000 1.600000 -0.010742
-1.000000 1.800000 -0.083583
-1.000000 2.000000 -0.153092
-1.000000 2.200000 -0.216497
-1.000000 2.400000 -0.271272
-1.000000 2.600000 -0.315232
-1.000000 2.800000 -0.346624
-1.000000 3.000000 -0.364198
-1.000000 3.200000 -0.367252
-1.000000 3.400000 -0.355665
-1.000000 3.600000 -0.329899
-1.000000 3.800000 -0.290981
-1.000000 4.000000 -0.240462

-0.800000 -4.000000 -0.293701
-0.800000 -3.800000 -0.355405
-0.800000 -3.600000 -0.402940
-0.800000 -3.400000 -0.434410
-0.800000 -3.200000 -0.448563
-0.800000 -3.000000 -0.444832
-0.800000 -2.800000 -0.423368
-0.800000 -2.600000 -0.385025
-0.800000 -2.400000 -0.331332
-0.800000 -2.200000 -0.264431
-0.800000 -2.000000 -0.186987
-0.800000 -1.800000 -0.102088
-0.800000 -1.600000 -0.013120
-0.800000 -1.400000 0.076371
-0.800000 -1.200000 0.162818
-0.800000 -1.000000 0.242773
-0.800000 -0.800000 0.313051
-0.800000 -0.600000 0.370847
-0.800000 -0.400000 0.413859
-0.800000 -0.200000 0.440372
-0.800000 0.000000 0.449329
-0.800000 0.200000 0.440372
-0.800000 0.400000 0.413859
-0.800000 0.600000 0.370847
-0.800000 0.800000 0.313051
-0.800000 1.000000 0.242773
-0.800000 1.200000 0.162818
-0.800000 1.400000 0.076371
-0.800000 1.600000 -0.013120
-0.800000 1.800000 -0.102088
-0.800000 2.000000 -0.186987
-0.800000 2.200000 -0.264431
-0.800000 2.400000 -0.331332
-0.800000 2.600000 -0.385025
-0.800000 2.800000 -0.423368
-0.800000 3.000000 -0.444832
-0.800000 3.200000 -0.448563
-0.800000 3.400000 -0.434410
-0.800000 3.600000 -0.402940
-0.800000 3.800000 -0.355405
-0.800000 4.000000 -0.293701

-0.600000 -4.000000 -0.358727
-0.600000 -3.800000 -0.434092
-0.600000 -3.600000 -0.492151
-0.600000 -3.400000 -0.530590
-0.600000 -3.200000 -0.547876
-0.600000 -3.000000 -0.543319
-0.600000 -2.800000 -0.517103
-0.600000 -2.600000 -0.470271
-0.600000 -2.400000 -0.404690
-0.600000 -2.200000 -0.322976
-0.600000 -2.000000 -0.228386
-0.600000 -1.800000 -0.124691
-0.600000 -1.600000 -0.016025
-0.600000 -1.400000 0.093280
-0.600000 -1.200000 0.198866
-0.600000 -1.000000 0.296524
-0.600000 -0.800000 0.382361
-0.600000 -0.600000 0.452954
-0.600000 -0.400000 0.505489
-0.600000 -0.200000 0.537872
-0.600000 0.000000 0.548812
-0.600000 0.200000 0.537872
-0.600000 0.400000 0.505489
-0.600000 0.600000 0.452954
-0.600000 0.800000 0.382361
-0.600000 1.000000 0.296524
-0.600000 1.200000 0.198866
-0.600000 1.400000 0.093280
-0.600000 1.600000 -0.016025
-0.600000 1.800000 -0.124691
-0.600000 2.000000 -0.228386
-0.600000 2.200000 -0.322976
-0.600000 2.400000 -0.404690
-0.600000 2.600000 -0.470271
-0.600000 2.800000 -0.517103
-0.600000 3.000000 -0.543319
-0.600000 3.200000 -0.547876
-0.600000 3.400000 -0.530590
-0.600000 3.600000 -0.492151
-0.600000 3.800000 -0.434092
-0.600000 4.000000 -0.358727

-0.400000 -4.000000 -0.438150
-0.400000 -3.800000 -0.530202
-0.400000 -3.600000 -0.601115
-0.400000 -3.400000 -0.648064
-0.400000 -3.200000 -0.669177
-0.400000 -3.000000 -0.663612
-0.400000 -2.800000 -0.631591
-0.400000 -2.600000 -0.574390
-0.400000 -2.400000 -0.494290
-0.400000 -2.200000 -0.394484
-0.400000 -2.000000 -0.278952
-0.400000 -1.800000 -0.152298
-0.400000 -1.600000 -0.019573
-0.400000 -1.400000 0.113932
-0.400000 -1.200000 0.242896
-0.400000 -1.000000 0.362175
-0.400000 -0.800000 0.467016
-0.400000 -0.600000 0.553239
-0.400000 -0.400000 0.617406
-0.400000 -0.200000 0.656958
-0.400000 0.000000 0.670320
-0.400000 0.200000 0.656958
-0.400000 0.400000 0.617406
-0.400000 0.600000 0.553239
-0.400000 0.800000 0.467016
-0.400000 1.000000 0.362175
-0.400000 1.200000 0.242896
-0.400000 1.400000 0.113932
-0.400000 1.600000 -0.019573
-0.400000 1.800000 -0.152298
-0.400000 2.000000 -0.278952
-0.400000 2.200000 -0.394484
-0.400000 2.400000 -0.494290
-0.400000 2.600000 -0.574390
-0.400000 2.800000 -0.631591
-0.400000 3.000000 -0.663612
-0.400000 3.200000 -0.669177
-0.400000 3.400000 -0.648064
-0.400000 3.600000 -0.601115
-0.400000 3.800000 -0.530202
-0.400000 4.000000 -0.438150

-0.200000 -4.000000 -0.535158
-0.200000 -3.800000 -0.647590
-0.200000 -3.600000 -0.734204
-0.200000 -3.400000 -0.791547
-0.200000 -3.200000 -0.817335
-0.200000 -3.000000 -0.810537
-0.200000 -2.800000 -0.771426
-0.200000 -2.600000 -0.701561
-0.200000 -2.400000 -0.603727
-0.200000 -2.200000 -0.481824
-0.200000 -2.000000 -0.340712
-0.200000 -1.800000 -0.186017
-0.200000 -1.600000 -0.023907
-0.200000 -1.400000 0.139157
-0.200000 -1.200000 0.296673
-0.200000 -1.000000 0.442362
-0.200000 -0.800000 0.570415
-0.200000 -0.600000 0.675728
-0.200000 -0.400000 0.754101
-0.200000 -0.200000 0.802411
-0.200000 0.000000 0.818731
-0.200000 0.200000 0.802411
-0.200000 0.400000 0.754101
-0.200000 0.600000 0.675728
-0.200000 0.800000 0.570415
-0.200000 1.000000 0.442362
-0.200000 1.200000 0.296673
-0.200000 1.400000 0.139157
-0.200000 1.600000 -0.023907
-0.200000 1.800000 -0.186017
-0.200000 2.000000 -0.340712
-0.200000 2.200000 -0.481824
-0.200000 2.400000 -0.603727
-0.200000 2.600000 -0.701561
-0.200000 2.800000 -0.771426
-0.200000 3.000000 -0.810537
-0.200000 3.200000 -0.817335
-0.200000 3.400000 -0.791547
-0.200000 3.600000 -0.734204
-0.200000 3.800000 -0.647590
-0.200000 4.000000 -0.535158

0.000000 -4.000000 -0.653644
0.000000 -3.800000 -0.790968
0.000000 -3.600000 -0.896758
0.000000 -3.400000 -0.966798
0.000000 -3.200000 -0.998295
0.000000 -3.000000 -0.989992
0.000000 -2.800000 -0.942222
0.000000 -2.600000 -0.856889
0.000000 -2.400000 -0.737394
0.000000 -2.200000 -0.588501
0.000000 -2.000000 -0.416147
0.000000 -1.800000 -0.227202
0.000000 -1.600000 -0.029200
0.000000 -1.400000 0.169967
0.000000 -1.200000 0.362358
0.000000 -1.000000 0.540302
0.000000 -0.800000 0.696707
0.000000 -0.600000 0.825336
0.000000 -0.400000 0.921061
0.000000 -0.200000 0.980067
0.000000 0.000000 1.000000
0.000000 0.200000 0.980067
0.000000 0.400000 0.921061
0.000000 0.600000 0.825336
0.000000 0.800000 0.696707
0.000000 1.000000 0.540302
0.000000 1.200000 0.362358
0.000000 1.400000 0.169967
0.000000 1.600000 -0.029200
0.000000 1.800000 -0.227202
0.000000 2.000000 -0.416147
0.000000 2.200000 -0.588501
0.000000 2.400000 -0.737394
0.000000 2.600000 -0.856889
0.000000 2.800000 -0.942222
0.000000 3.000000 -0.989992
0.000000 3.200000 -0.998295
0.000000 3.400000 -0.966798
0.000000 3.600000 -0.896758
0.000000 3.800000 -0.790968
0.000000 4.000000 -0.653644

0.200000 -4.000000 -0.798362
0.200000 -3.800000 -0.966090
0.200000 -3.600000 -1.095303
0.200000 -3.400000 -1.180850
0.200000 -3.200000 -1.219320
0.200000 -3.000000 -1.209180
0.200000 -2.800000 -1.150833
0.200000 -2.600000 -1.046606
0.200000 -2.400000 -0.900655
0.200000 -2.200000 -0.718797
0.200000 -2.000000 -0.508283
0.200000 -1.800000 -0.277505
0.200000 -1.600000 -0.035664
0.200000 -1.400000 0.207598
0.200000 -1.200000 0.442585
0.200000 -1.000000 0.659927
0.200000 -0.800000 0.850959
0.200000 -0.600000 1.008067
0.200000 -0.400000 1.124986
0.200000 -0.200000 1.197056
0.200000 0.000000 1.221403
0.200000 0.200000 1.197056
0.200000 0.400000 1.124986
0.200000 0.600000 1.008067
0.200000 0.800000 0.850959
0.200000 1.000000 0.659927
0.200000 1.200000 0.442585
0.200000 1.400000 0.207598
0.200000 1.600000 -0.035664
0.200000 1.800000 -0.277505
0.200000 2.000000 -0.508283
0.200000 2.200000 -0.718797
0.200000 2.400000 -0.900655
0.200000 2.600000 -1.046606
0.200000 2.800000 -1.150833
0.200000 3.000000 -1.209180
0.200000 3.200000 -1.219320
0.200000 3.400000 -1.180850
0.200000 3.600000 -1.095303
0.200000 3.800000 -0.966090
0.200000 4.000000 -0.798362

0.400000 -4.000000 -0.975122
0.400000 -3.800000 -1.179985
0.400000 -3.600000 -1.337806
0.400000 -3.400000 -1.442293
0.400000 -3.200000 -1.489281
0.400000 -3.000000 -1.476895
0.400000 -2.800000 -1.405631
0.400000 -2.600000 -1.278328
0.400000 -2.400000 -1.100062
0.400000 -2.200000 -0.877941
0.400000 -2.000000 -0.620818
0.400000 -1.800000 -0.338946
0.400000 -1.600000 -0.043561
0.400000 -1.400000 0.253561
0.400000 -1.200000 0.540574
0.400000 -1.000000 0.806036
0.400000 -0.800000 1.039364
0.400000 -0.600000 1.231256
0.400000 -0.400000 1.374062
0.400000 -0.200000 1.462088
0.400000 0.000000 1.491825
0.400000 0.200000 1.462088
0.400000 0.400000 1.374062
0.400000 0.600000 1.231256
0.400000 0.800000 1.039364
0.400000 1.000000 0.806036
0.400000 1.200000 0.540574
0.400000 1.400000 0.253561
0.400000 1.600000 -0.043561
0.400000 1.800000 -0.338946
0.400000 2.000000 -0.620818
0.400000 2.200000 -0.877941
0.400000 2.400000 -1.100062
0.400000 2.600000 -1.278328
0.400000 2.800000 -1.405631
0.400000 3.000000 -1.476895
0.400000 3.200000 -1.489281
0.400000 3.400000 -1.442293
0.400000 3.600000 -1.337806
0.400000 3.800000 -1.179985
0.400000 4.000000 -0.975122

0.600000 -4.000000 -1.191016
0.600000 -3.800000 -1.441237
0.600000 -3.600000 -1.634000
0.600000 -3.400000 -1.761621
0.600000 -3.200000 -1.819012
0.600000 -3.000000 -1.803884
0.600000 -2.800000 -1.716841
0.600000 -2.600000 -1.561353
0.600000 -2.400000 -1.343619
0.600000 -2.200000 -1.072319
0.600000 -2.000000 -0.758269
0.600000 -1.800000 -0.413989
0.600000 -1.600000 -0.053205
0.600000 -1.400000 0.309700
0.600000 -1.200000 0.660259
0.600000 -1.000000 0.984495
0.600000 -0.800000 1.269482
0.600000 -0.600000 1.503860
0.600000 -0.400000 1.678283
0.600000 -0.200000 1.785798
0.600000 0.000000 1.822119
0.600000 0.200000 1.785798
0.600000 0.400000 1.678283
0.600000 0.600000 1.503860
0.600000 0.800000 1.269482
0.600000 1.000000 0.984495
0.600000 1.200000 0.660259
0.600000 1.400000 0.309700
0.600000 1.600000 -0.053205
0.600000 1.800000 -0.413989
0.600000 2.000000 -0.758269
0.600000 2.200000 -1.072319
0.600000 2.400000 -1.343619
0.600000 2.600000 -1.561353
0.600000 2.800000 -1.716841
0.600000 3.000000 -1.803884
0.600000 3.200000 -1.819012
0.600000 3.400000 -1.761621
0.600000 3.600000 -1.634000
0.600000 3.800000 -1.441237
0.600000 4.000000 -1.191016

0.800000 -4.000000 -1.454711
0.800000 -3.800000 -1.760331
0.800000 -3.600000 -1.995773
0.800000 -3.400000 -2.151649
0.800000 -3.200000 -2.221746
0.800000 -3.000000 -2.203269
0.800000 -2.800000 -2.096954
0.800000 -2.600000 -1.907041
0.800000 -2.400000 -1.641100
0.800000 -2.200000 -1.309733
0.800000 -2.000000 -0.926152
0.800000 -1.800000 -0.505648
0.800000 -1.600000 -0.064985
0.800000 -1.400000 0.378269
0.800000 -1.200000 0.806442
0.800000 -1.000000 1.202465
0.800000 -0.800000 1.550549
0.800000 -0.600000 1.836818
0.800000 -0.400000 2.049859
0.800000 -0.200000 2.181178
0.800000 0.000000 2.225541
0.800000 0.200000 2.181178
0.800000 0.400000 2.049859
0.800000 0.600000 1.836818
0.800000 0.800000 1.550549
0.800000 1.000000 1.202465
0.800000 1.200000 0.806442
0.800000 1.400000 0.378269
0.800000 1.600000 -0.064985
0.800000 1.800000 -0.505648
0.800000 2.000000 -0.926152
0.800000 2.200000 -1.309733
0.800000 2.400000 -1.641100
0.800000 2.600000 -1.907041
0.800000 2.800000 -2.096954
0.800000 3.000000 -2.203269
0.800000 3.200000 -2.221746
0.800000 3.400000 -2.151649
0.800000 3.600000 -1.995773
0.800000 3.800000 -1.760331
0.800000 4.000000 -1.454711

1.000000 -4.000000 -1.776788
1.000000 -3.800000 -2.150073
1.000000 -3.600000 -2.437642
1.000000 -3.400000 -2.628030
1.000000 -3.200000 -2.713647
1.000000 -3.000000 -2.691079
1.000000 -2.800000 -2.561226
1.000000 -2.600000 -2.329265
1.000000 -2.400000 -2.004444
1.000000 -2.200000 -1.599712
1.000000 -2.000000 -1.131204
1.000000 -1.800000 -0.617599
1.000000 -1.600000 -0.079373
1.000000 -1.400000 0.462019
1.000000 -1.200000 0.984990
1.000000 -1.000000 1.468694
1.000000 -0.800000 1.893845
1.000000 -0.600000 2.243495
1.000000 -0.400000 2.503703
1.000000 -0.200000 2.664097
1.000000 0.000000 2.718282
1.000000 0.200000 2.664097
1.000000 0.400000 2.503703
1.000000 0.600000 2.243495
1.000000 0.800000 1.893845
1.000000 1.000000 1.468694
1.000000 1.200000 0.984990
1.000000 1.400000 0.462019
1.000000 1.600000 -0.079373
1.000000 1.800000 -0.617599
1.000000 2.000000 -1.131204
1.000000 2.200000 -1.599712
1.000000 2.400000 -2.004444
1.000000 2.600000 -2.329265
1.000000 2.800000 -2.561226
1.000000 3.000000 -2.691079
1.000000 3.200000 -2.713647
1.000000 3.400000 -2.628030
1.000000 3.600000 -2.437642
1.000000 3.800000 -2.150073
1.000000 4.000000 -1.776788

1.200000 -4.000000 -2.170173
1.200000 -3.800000 -2.626105
1.200000 -3.600000 -2.977343
1.200000 -3.400000 -3.209883
1.200000 -3.200000 -3.314455
1.200000 -3.000000 -3.286891
1.200000 -2.800000 -3.128288
1.200000 -2.600000 -2.844971
1.200000 -2.400000 -2.448233
1.200000 -2.200000 -1.953893
1.200000 -2.000000 -1.381656
1.200000 -1.800000 -0.754338
1.200000 -1.600000 -0.096946
1.200000 -1.400000 0.564311
1.200000 -1.200000 1.203070
1.200000 -1.000000 1.793867
1.200000 -0.800000 2.313148
1.200000 -0.600000 2.740211
1.200000 -0.400000 3.058030
1.200000 -0.200000 3.253936
1.200000 0.000000 3.320117
1.200000 0.200000 3.253936
1.200000 0.400000 3.058030
1.200000 0.600000 2.740211
1.200000 0.800000 2.313148
1.200000 1.000000 1.793867
1.200000 1.200000 1.203070
1.200000 1.400000 0.564311
1.200000 1.600000 -0.096946
1.200000 1.800000 -0.754338
1.200000 2.000000 -1.381656
1.200000 2.200000 -1.953893
1.200000 2.400000 -2.448233
1.200000 2.600000 -2.844971
1.200000 2.800000 -3.128288
1.200000 3.000000 -3.286891
1.200000 3.200000 -3.314455
1.200000 3.400000 -3.209883
1.200000 3.600000 -2.977343
1.200000 3.800000 -2.626105
1.200000 4.000000 -2.170173

1.400000 -4.000000 -2.650656
1.400000 -3.800000 -3.207532
1.400000 -3.600000 -3.636535
1.400000 -3.400000 -3.920560
1.400000 -3.200000 -4.048285
1.400000 -3.000000 -4.014618
1.400000 -2.800000 -3.820900
1.400000 -2.600000 -3.474855
1.400000 -2.400000 -2.990279
1.400000 -2.200000 -2.386490
1.400000 -2.000000 -1.687559
1.400000 -1.800000 -0.921350
1.400000 -1.600000 -0.118410
1.400000 -1.400000 0.689251
1.400000 -1.200000 1.469433
1.400000 -1.000000 2.191034
1.400000 -0.800000 2.825285
1.400000 -0.600000 3.346901
1.400000 -0.400000 3.735087
1.400000 -0.200000 3.974366
1.400000 0.000000 4.055200
1.400000 0.200000 3.974366
1.400000 0.400000 3.735087
1.400000 0.600000 3.346901
1.400000 0.800000 2.825285
1.400000 1.000000 2.191034
1.400000 1.200000 1.469433
1.400000 1.400000 0.689251
1.400000 1.600000 -0.118410
1.400000 1.800000 -0.921350
1.400000 2.000000 -1.687559
1.400000 2.200000 -2.386490
1.400000 2.400000 -2.990279
1.400000 2.600000 -3.474855
1.400000 2.800000 -3.820900
1.400000 3.000000 -4.014618
1.400000 3.200000 -4.048285
1.400000 3.400000 -3.920560
1.400000 3.600000 -3.636535
1.400000 3.800000 -3.207532
1.400000 4.000000 -2.650656

1.600000 -4.000000 -3.237518
1.600000 -3.800000 -3.917689
1.600000 -3.600000 -4.441674
1.600000 -3.400000 -4.788583
1.600000 -3.200000 -4.944586
1.600000 -3.000000 -4.903465
1.600000 -2.800000 -4.666858
1.600000 -2.600000 -4.244198
1.600000 -2.400000 -3.652335
1.600000 -2.200000 -2.914865
1.600000 -2.000000 -2.061189
1.600000 -1.800000 -1.125339
1.600000 -1.600000 -0.144626
1.600000 -1.400000 0.841853
1.600000 -1.200000 1.794770
1.600000 -1.000000 2.676135
1.600000 -0.800000 3.450811
1.600000 -0.600000 4.087914
1.600000 -0.400000 4.562045
1.600000 -0.200000 4.854302
1.600000 0.000000 4.953032
1.600000 0.200000 4.854302
1.600000 0.400000 4.562045
1.600000 0.600000 4.087914
1.600000 0.800000 3.450811
1.600000 1.000000 2.676135
1.600000 1.200000 1.794770
1.600000 1.400000 0.841853
1.600000 1.600000 -0.144626
1.600000 1.800000 -1.125339
1.600000 2.000000 -2.061189
1.600000 2.200000 -2.914865
1.600000 2.400000 -3.652335
1.600000 2.600000 -4.244198
1.600000 2.800000 -4.666858
1.600000 3.000000 -4.903465
1.600000 3.200000 -4.944586
1.600000 3.400000 -4.788583
1.600000 3.600000 -4.441674
1.600000 3.800000 -3.917689
1.600000 4.000000 -3.237518

1.800000 -4.000000 -3.954313
1.800000 -3.800000 -4.785076
1.800000 -3.600000 -5.425072
1.800000 -3.400000 -5.848788
1.800000 -3.200000 -6.039331
1.800000 -3.000000 -5.989106
1.800000 -2.800000 -5.700113
1.800000 -2.600000 -5.183875
1.800000 -2.400000 -4.460972
1.800000 -2.200000 -3.560224
1.800000 -2.000000 -2.517542
1.800000 -1.800000 -1.374493
1.800000 -1.600000 -0.176647
1.800000 -1.400000 1.028241
1.800000 -1.200000 2.192137
1.800000 -1.000000 3.268638
1.800000 -0.800000 4.214830
1.800000 -0.600000 4.992990
1.800000 -0.400000 5.572094
1.800000 -0.200000 5.929057
1.800000 0.000000 6.049647
1.800000 0.200000 5.929057
1.800000 0.400000 5.572094
1.800000 0.600000 4.992990
1.800000 0.800000 4.214830
1.800000 1.000000 3.268638
1.800000 1.200000 2.192137
1.800000 1.400000 1.028241
1.800000 1.600000 -0.176647
1.800000 1.800000 -1.374493
1.800000 2.000000 -2.517542
1.800000 2.200000 -3.560224
1.800000 2.400000 -4.460972
1.800000 2.600000 -5.183875
1.800000 2.800000 -5.700113
1.800000 3.000000 -5.989106
1.800000 3.200000 -6.039331
1.800000 3.400000 -5.848788
1.800000 3.600000 -5.425072
1.800000 3.800000 -4.785076
1.800000 4.000000 -3.954313

2.000000 -4.000000 -4.829809
2.000000 -3.800000 -5.844505
2.000000 -3.600000 -6.626198
2.000000 -3.400000 -7.143726
2.000000 -3.200000 -7.376456
2.000000 -3.000000 -7.315110
2.000000 -2.800000 -6.962134
2.000000 -2.600000 -6.331599
2.000000 -2.400000 -5.448644
2.000000 -2.200000 -4.348468
2.000000 -2.000000 -3.074932
2.000000 -1.800000 -1.678809
2.000000 -1.600000 -0.215757
2.000000 -1.400000 1.255897
2.000000 -1.200000 2.677482
2.000000 -1.000000 3.992324
2.000000 -0.800000 5.148005
2.000000 -0.600000 6.098451
2.000000 -0.400000 6.805771
2.000000 -0.200000 7.241767
2.000000 0.000000 7.389056
2.000000 0.200000 7.241767
2.000000 0.400000 6.805771
2.000000 0.600000 6.098451
2.000000 0.800000 5.148005
2.000000 1.000000 3.992324
2.000000 1.200000 2.677482
2.000000 1.400000 1.255897
2.000000 1.600000 -0.215757
2.000000 1.800000 -1.678809
2.000000 2.000000 -3.074932
2.000000 2.200000 -4.348468
2.000000 2.400000 -5.448644
2.000000 2.600000 -6.331599
2.000000 2.800000 -6.962134
2.000000 3.000000 -7.315110
2.000000 3.200000 -7.376456
2.000000 3.400000 -7.143726
2.000000 3.600000 -6.626198
2.000000 3.800000 -5.844505
2.000000 4.000000 -4.829809

2.200000 -4.000000 -5.899143
2.200000 -3.800000 -7.138494
2.200000 -3.600000 -8.093257
2.200000 -3.400000 -8.725367
2.200000 -3.200000 -9.009624
2.200000 -3.000000 -8.934696
2.200000 -2.800000 -8.503569
2.200000 -2.600000 -7.733433
2.200000 -2.400000 -6.654988
2.200000 -2.200000 -5.311231
2.200000 -2.000000 -3.755731
2.200000 -1.800000 -2.050502
2.200000 -1.600000 -0.263526
2.200000 -1.400000 1.533956
2.200000 -1.200000 3.270284
2.200000 -1.000000 4.876236
2.200000 -0.800000 6.287787
2.200000 -0.600000 7.448665
2.200000 -0.400000 8.312588
2.200000 -0.200000 8.845114
2.200000 0.000000 9.025013
2.200000 0.200000 8.845114
2.200000 0.400000 8.312588
2.200000 0.600000 7.448665
2.200000 0.800000 6.287787
2.200000 1.000000 4.876236
2.200000 1.200000 3.270284
2.200000 1.400000 1.533956
2.200000 1.600000 -0.263526
2.200000 1.800000 -2.050502
2.200000 2.000000 -3.755731
2.200000 2.200000 -5.311231
2.200000 2.400000 -6.654988
2.200000 2.600000 -7.733433
2.200000 2.800000 -8.503569
2.200000 3.000000 -8.934696
2.200000 3.200000 -9.009624
2.200000 3.400000 -8.725367
2.200000 3.600000 -8.093257
2.200000 3.800000 -7.138494
2.200000 4.000000 -5.899143

2.400000 -4.000000 -7.205229
2.400000 -3.800000 -8.718977
2.400000 -3.600000 -9.885126
2.400000 -3.400000 -10.657187
2.400000 -3.200000 -11.004379
2.400000 -3.000000 -10.912862
2.400000 -2.800000 -10.386283
2.400000 -2.600000 -9.445636
2.400000 -2.400000 -8.128421
2.400000 -2.200000 -6.487152
2.400000 -2.000000 -4.587260
2.400000 -1.800000 -2.504489
2.400000 -1.600000 -0.321871
2.400000 -1.400000 1.873578
2.400000 -1.200000 3.994333
2.400000 -1.000000 5.955848
2.400000 -0.800000 7.679921
2.400000 -0.600000 9.097820
2.400000 -0.400000 10.153018
2.400000 -0.200000 10.803447
2.400000 0.000000 11.023176
2.400000 0.200000 10.803447
2.400000 0.400000 10.153018
2.400000 0.600000 9.097820
2.400000 0.800000 7.679921
2.400000 1.000000 5.955848
2.400000 1.200000 3.994333
2.400000 1.400000 1.873578
2.400000 1.600000 -0.321871
2.400000 1.800000 -2.504489
2.400000 2.000000 -4.587260
2.400000 2.200000 -6.487152
2.400000 2.400000 -8.128421
2.400000 2.600000 -9.445636
2.400000 2.800000 -10.386283
2.400000 3.000000 -10.912862
2.400000 3.200000 -11.004379
2.400000 3.400000 -10.657187
2.400000 3.600000 -9.885126
2.400000 3.800000 -8.718977
2.400000 4.000000 -7.205229

2.600000 -4.000000 -8.800486
2.600000 -3.800000 -10.649382
2.600000 -3.600000 -12.073720
2.600000 -3.400000 -13.016718
2.600000 -3.200000 -13.440779
2.600000 -3.000000 -13.329000
2.600000 -2.800000 -12.685835
2.600000 -2.600000 -11.536926
2.600000 -2.400000 -9.928076
2.600000 -2.200000 -7.923425
2.600000 -2.000000 -5.602892
2.600000 -1.800000 -3.058989
2.600000 -1.600000 -0.393135
2.600000 -1.400000 2.288393
2.600000 -1.200000 4.878690
2.600000 -1.000000 7.274489
2.600000 -0.800000 9.380277
2.600000 -0.600000 11.112103
2.600000 -0.400000 12.400924
2.600000 -0.200000 13.195360
2.600000 0.000000 13.463738
2.600000 0.200000 13.195360
2.600000 0.400000 12.400924
2.600000 0.600000 11.112103
2.600000 0.800000 9.380277
2.600000 1.000000 7.274489
2.600000 1.200000 4.878690
2.600000 1.400000 2.288393
2.600000 1.600000 -0.393135
2.600000 1.800000 -3.058989
2.600000 2.000000 -5.602892
2.600000 2.200000 -7.923425
2.600000 2.400000 -9.928076
2.600000 2.600000 -11.536926
2.600000 2.800000 -12.685835
2.600000 3.000000 -13.329000
2.600000 3.200000 -13.440779
2.600000 3.400000 -13.016718
2.600000 3.600000 -12.073720
2.600000 3.800000 -10.649382
2.600000 4.000000 -8.800486

2.800000 -4.000000 -10.748938
2.800000 -3.800000 -13.007185
2.800000 -3.600000 -14.746875
2.800000 -3.400000 -15.898655
2.800000 -3.200000 -16.416605
2.800000 -3.000000 -16.280077
2.800000 -2.800000 -15.494514
2.800000 -2.600000 -14.091233
2.800000 -2.400000 -12.126179
2.800000 -2.200000 -9.677693
2.800000 -2.000000 -6.843388
2.800000 -1.800000 -3.736258
2.800000 -1.600000 -0.480176
2.800000 -1.400000 2.795050
2.800000 -1.200000 5.958845
2.800000 -1.000000 8.885081
2.800000 -0.800000 11.457096
2.800000 -0.600000 13.572353
2.800000 -0.400000 15.146523
2.800000 -0.200000 16.116849
2.800000 0.000000 16.444647
2.800000 0.200000 16.116849
2.800000 0.400000 15.146523
2.800000 0.600000 13.572353
2.800000 0.800000 11.457096
2.800000 1.000000 8.885081
2.800000 1.200000 5.958845
2.800000 1.400000 2.795050
2.800000 1.600000 -0.480176
2.800000 1.800000 -3.736258
2.800000 2.000000 -6.843388
2.800000 2.200000 -9.677693
2.800000 2.400000 -12.126179
2.800000 2.600000 -14.091233
2.800000 2.800000 -15.494514
2.800000 3.000000 -16.280077
2.800000 3.200000 -16.416605
2.800000 3.400000 -15.898655
2.800000 3.600000 -14.746875
2.800000 3.800000 -13.007185
2.800000 4.000000 -10.748938

3.000000 -4.000000 -13.128783
3.000000 -3.800000 -15.887011
3.000000 -3.600000 -18.011874
3.000000 -3.400000 -19.418661
3.000000 -3.200000 -20.051287
3.000000 -3.000000 -19.884531
3.000000 -2.800000 -18.925042
3.000000 -2.600000 -17.211071
3.000000 -2.400000 -14.810949
3.000000 -2.200000 -11.820361
3.000000 -2.000000 -8.358533
3.000000 -1.800000 -4.563476
3.000000 -1.600000 -0.586488
3.000000 -1.400000 3.413881
3.000000 -1.200000 7.278150
3.000000 -1.000000 10.852262
3.000000 -0.800000 13.993728
3.000000 -0.600000 16.577309
3.000000 -0.400000 18.500005
3.000000 -0.200000 19.685163
3.000000 0.000000 20.085537
3.000000 0.200000 19.685163
3.000000 0.400000 18.500005
3.000000 0.600000 16.577309
3.000000 0.800000 13.993728
3.000000 1.000000 10.852262
3.000000 1.200000 7.278150
3.000000 1.400000 3.413881
3.000000 1.600000 -0.586488
3.000000 1.800000 -4.563476
3.000000 2.000000 -8.358533
3.000000 2.200000 -11.820361
3.000000 2.400000 -14.810949
3.000000 2.600000 -17.211071
3.000000 2.800000 -18.925042
3.000000 3.000000 -19.884531
3.000000 3.200000 -20.051287
3.000000 3.400000 -19.418661
3.000000 3.600000 -18.011874
3.000000 3.800000 -15.887011
3.000000 4.000000 -13.128783

3.200000 -4.000000 -16.035532
3.200000 -3.800000 -19.404439
3.200000 -3.600000 -21.999753
3.200000 -3.400000 -23.718006
3.200000 -3.200000 -24.490697
3.200000 -3.000000 -24.287021
3.200000 -2.800000 -23.115098
3.200000 -2.600000 -21.021649
3.200000 -2.400000 -18.090134
3.200000 -2.200000 -14.437421
3.200000 -2.000000 -10.209135
3.200000 -1.800000 -5.573842
3.200000 -1.600000 -0.716338
3.200000 -1.400000 4.169724
3.200000 -1.200000 8.889553
3.200000 -1.000000 13.254983
3.200000 -0.800000 17.091978
3.200000 -0.600000 20.247571
3.200000 -0.400000 22.595957
3.200000 -0.200000 24.043513
3.200000 0.000000 24.532530
3.200000 0.200000 24.043513
3.200000 0.400000 22.595957
3.200000 0.600000 20.247571
3.200000 0.800000 17.091978
3.200000 1.000000 13.254983
3.200000 1.200000 8.889553
3.200000 1.400000 4.169724
3.200000 1.600000 -0.716338
3.200000 1.800000 -5.573842
3.200000 2.000000 -10.209135
3.200000 2.200000 -14.437421
3.200000 2.400000 -18.090134
3.200000 2.600000 -21.021649
3.200000 2.800000 -23.115098
3.200000 3.000000 -24.287021
3.200000 3.200000 -24.490697
3.200000 3.400000 -23.718006
3.200000 3.600000 -21.999753
3.200000 3.800000 -19.404439
3.200000 4.000000 -16.035532

3.400000 -4.000000 -19.585843
3.400000 -3.800000 -23.700636
3.400000 -3.600000 -26.870559
3.400000 -3.400000 -28.969238
3.400000 -3.200000 -29.913005
3.400000 -3.000000 -29.664234
3.400000 -2.800000 -28.232844
3.400000 -2.600000 -25.675900
3.400000 -2.400000 -22.095339
3.400000 -2.200000 -17.633906
3.400000 -2.000000 -12.469465
3.400000 -1.800000 -6.807906
3.400000 -1.600000 -0.874937
3.400000 -1.400000 5.092912
3.400000 -1.200000 10.857724
3.400000 -1.000000 16.189672
3.400000 -0.800000 20.876190
3.400000 -0.600000 24.730439
3.400000 -0.400000 27.598764
3.400000 -0.200000 29.366813
3.400000 0.000000 29.964100
3.400000 0.200000 29.366813
3.400000 0.400000 27.598764
3.400000 0.600000 24.730439
3.400000 0.800000 20.876190
3.400000 1.000000 16.189672
3.400000 1.200000 10.857724
3.400000 1.400000 5.092912
3.400000 1.600000 -0.874937
3.400000 1.800000 -6.807906
3.400000 2.000000 -12.469465
3.400000 2.200000 -17.633906
3.400000 2.400000 -22.095339
3.400000 2.600000 -25.675900
3.400000 2.800000 -28.232844
3.400000 3.000000 -29.664234
3.400000 3.200000 -29.913005
3.400000 3.400000 -28.969238
3.400000 3.600000 -26.870559
3.400000 3.800000 -23.700636
3.400000 4.000000 -19.585843

3.600000 -4.000000 -23.922202
3.600000 -3.800000 -28.948022
3.600000 -3.600000 -32.819775
3.600000 -3.400000 -35.383107
3.600000 -3.200000 -36.535826
3.600000 -3.000000 -36.231977
3.600000 -2.800000 -34.483674
3.600000 -2.600000 -31.360615
3.600000 -2.400000 -26.987308
3.600000 -2.200000 -21.538102
3.600000 -2.000000 -15.230239
3.600000 -1.800000 -8.315196
3.600000 -1.600000 -1.068651
3.600000 -1.400000 6.220497
3.600000 -1.200000 13.261654
3.600000 -1.000000 19.774110
3.600000 -0.800000 25.498235
3.600000 -0.600000 30.205826
3.600000 -0.400000 33.709206
3.600000 -0.200000 35.868706
3.600000 0.000000 36.598234
3.600000 0.200000 35.868706
3.600000 0.400000 33.709206
3.600000 0.600000 30.205826
3.600000 0.800000 25.498235
3.600000 1.000000 19.774110
3.600000 1.200000 13.261654
3.600000 1.400000 6.220497
3.600000 1.600000 -1.068651
3.600000 1.800000 -8.315196
3.600000 2.000000 -15.230239
3.600000 2.200000 -21.538102
3.600000 2.400000 -26.987308
3.600000 2.600000 -31.360615
3.600000 2.800000 -34.483674
3.600000 3.000000 -36.231977
3.600000 3.200000 -36.535826
3.600000 3.400000 -35.383107
3.600000 3.600000 -32.819775
3.600000 3.800000 -28.948022
3.600000 4.000000 -23.922202

3.800000 -4.000000 -29.218644
3.800000 -3.800000 -35.357194
3.800000 -3.600000 -40.086163
3.800000 -3.400000 -43.217024
3.800000 -3.200000 -44.624959
3.800000 -3.000000 -44.253837
3.800000 -2.800000 -42.118455
3.800000 -2.600000 -38.303942
3.800000 -2.400000 -32.962373
3.800000 -2.200000 -26.306697
3.800000 -2.000000 -18.602257
3.800000 -1.800000 -10.156203
3.800000 -1.600000 -1.305253
3.800000 -1.400000 7.597733
3.800000 -1.200000 16.197821
3.800000 -1.000000 24.152153
3.800000 -0.800000 31.143615
3.800000 -0.600000 36.893480
3.800000 -0.400000 41.172517
3.800000 -0.200000 43.810137
3.800000 0.000000 44.701184
3.800000 0.200000 43.810137
3.800000 0.400000 41.172517
3.800000 0.600000 36.893480
3.800000 0.800000 31.143615
3.800000 1.000000 24.152153
3.800000 1.200000 16.197821
3.800000 1.400000 7.597733
3.800000 1.600000 -1.305253
3.800000 1.800000 -10.156203
3.800000 2.000000 -18.602257
3.800000 2.200000 -26.306697
3.800000 2.400000 -32.962373
3.800000 2.600000 -38.303942
3.800000 2.800000 -42.118455
3.800000 3.000000 -44.253837
3.800000 3.200000 -44.624959
3.800000 3.400000 -43.217024
3.800000 3.600000 -40.086163
3.800000 3.800000 -35.357194
3.800000 4.000000 -29.218644

4.000000 -4.000000 -35.687732
4.000000 -3.800000 -43.185374
4.000000 -3.600000 -48.961351
4.000000 -3.400000 -52.785393
4.000000 -3.200000 -54.505048
4.000000 -3.000000 -54.051759
4.000000 -2.800000 -51.443597
4.000000 -2.600000 -46.784541
4.000000 -2.400000 -40.260333
4.000000 -2.200000 -32.131072
4.000000 -2.000000 -22.720847
4.000000 -1.800000 -12.404814
4.000000 -1.600000 -1.594240
4.000000 -1.400000 9.279892
4.000000 -1.200000 19.784063
4.000000 -1.000000 29.499506
4.000000 -0.800000 38.038897
4.000000 -0.600000 45.061798
4.000000 -0.400000 50.288226
4.000000 -0.200000 53.509822
4.000000 0.000000 54.598150
4.000000 0.200000 53.509822
4.000000 0.400000 50.288226
4.000000 0.600000 45.061798
4.000000 0.800000 38.038897
4.000000 1.000000 29.499506
4.000000 1.200000 19.784063
4.000000 1.400000 9.279892
4.000000 1.600000 -1.594240
4.000000 1.800000 -12.404814
4.000000 2.000000 -22.720847
4.000000 2.200000 -32.131072
4.000000 2.400000 -40.260333
4.000000 2.600000 -46.784541
4.000000 2.800000 -51.443597
4.000000 3.000000 -54.051759
4.000000 3.200000 -54.505048
4.000000 3.400000 -52.785393
4.000000 3.600000 -48.961351
4.000000 3.800000 -43.185374
4.000000 4.000000 -35.687732

