1202604.284165 0.000000
1202292.734080 26444.050281
1201358.289775 52872.507596
1199801.568931 79269.790398
1197623.600466 105620.339981
1194825.823707 131908.631864
1191410.087228 158119.187161
1187378.647372 184236.583898
1182734.166428 210245.468291
1177479.710499 236130.565955
1171618.747034 261876.693054
1165155.142045 287468.767357
1158093.157003 312891.819222
1150437.445421 338131.002468
1142193.049120 363171.605146
1133365.394189 387999.060190
1123960.286640 412598.955944
1113983.907761 436957.046551
1103442.809171 461059.262197
1092343.907586 484891.719205
1080694.479296 508440.729964
1068502.154362 531692.812688
1055774.910530 554634.700996
1042521.066886 577253.353305
1028749.277236 599535.962033
1014468.523232 621469.962587
999688.107244 643043.042155
984417.644992 664243.148271
968667.057928 685058.497159
952446.565402 705477.581845
935766.676590 725489.180028
918638.182214 745082.361712
901072.146050 764246.496583
883079.896234 782971.261127
864673.016381 801246.645494
845863.336508 819062.960085
826662.923794 836410.841869
807084.073165 853281.260429
787139.297714 869665.523711
766841.318987 885555.283503
746203.057113 900942.540611
725237.620804 915819.649742
703958.297242 930179.324100
682378.541834 944014.639663
660511.967884 957319.039174
638372.336149 970086.335809
615973.544321 982310.716552
593329.616432 993986.745246
570454.692185 1005109.365339
547363.016237 1015673.902314
524068.927427 1025676.065805
500586.847966 1035111.951396
476931.272605 1043978.042105
453116.757776 1052271.209550
429157.910727 1059988.714801
405069.378657 1067128.208918
380865.837862 1073687.733168
356561.982897 1079665.718932
332172.515764 1085060.987301
307712.135149 1089872.748360
283195.525690 1094100.600158
258637.347315 1097744.527378
234052.224638 1100804.899700
209454.736428 1103282.469862
184859.405169 1105178.371419
160280.686702 1106494.116217
135732.959975 1107231.591562
111230.516895 1107393.057109
86787.552309 1106981.141468
62418.154095 1105998.838525
38136.293398 1104449.503493
13955.815004 1102336.848686
-10109.572138 1099664.939040
-34046.304234 1096438.187359
-57840.971806 1092661.349319
-81480.328674 1088339.518216
-104951.300761 1083478.119471
-128240.994720 1078082.904907
-151336.706363 1072159.946782
-174225.928893 1065715.631610
-196896.360935 1058756.653756
-219335.914356 1051290.008825
-241532.721868 1043322.986849
-263475.144414 1034863.165269
-285151.778326 1025918.401739
-306551.462252 1016496.826742
-327663.283846 1006606.836027
-348476.586224 996257.082893
-368980.974172 985456.470298
-389166.320104 974214.142830
-409022.769773 962539.478529
-428540.747725 950442.080572
-447710.962494 937931.768836
-466524.411540 925018.571340
-484972.385918 911712.715573
-503046.474686 898024.619730
-520738.569043 883964.883840
-538040.866197 869544.280822
-554945.872965 854773.747451
-571446.409092 839664.375269
-587535.610312 824227.401423
-603206.931116 808474.199460
-618454.147263 792416.270075
-633271.358003 776065.231819
-647652.988032 759432.811792
-661593.789174 742530.836307
-675088.841780 725371.221546
-688133.555867 707965.964219
-700723.671971 690327.132223
-712855.261745 672466.855316
-724524.728272 654397.315819
-735728.806122 636130.739340
-746464.561142 617679.385542
-756729.389975 599055.538954
-766521.019333 580271.499836
-775837.504996 561339.575103
-784677.230572 542272.069323
-793038.905992 523081.275781
-800921.565767 503779.467637
-808324.566995 484378.889161
-815247.587126 464891.747080
-821690.621497 445330.202010
-827653.980631 425706.360015
-833138.287299 406032.264271
-838144.473377 386319.886855
-842673.776465 366581.120666
-846727.736304 346827.771477
-850308.190981 327071.550127
-853417.272925 307324.064861
-856057.404712 287596.813817
-858231.294674 267901.177674
-859941.932316 248248.412458
-861192.583559 228649.642513
-861986.785799 209115.853646
-862328.342806 189657.886440
-862221.319445 170286.429758
-861670.036254 151012.014413
-860679.063858 131845.007040
-859253.217248 112795.604149
-857397.549911 93873.826375
-855117.347838 75089.512921
-852418.123395 56452.316205
-849305.609085 37971.696706
-845785.751191 19656.918014
-841864.703310 1517.042089
-837548.819801 -16439.075275
-832844.649122 -34202.788771
-827758.927094 -51765.667693
-822298.570084 -69119.499830
-816470.668109 -86256.295156
-810282.477880 -103168.289292
-803741.415788 -119847.946761
-796855.050829 -136287.964025
-789631.097497 -152481.272299
-782077.408625 -168421.040157
-774201.968200 -184100.675913
-766012.884150 -199513.829791
-757518.381118 -214654.395877
-748726.793212 -229516.513855
-739646.556755 -244094.570526
-730286.203040 -258383.201121
-720654.351079 -272377.290396
-710759.700377 -286071.973516
-700611.023713 -299462.636733
-690217.159957 -312544.917856
-679587.006906 -325314.706516
-668729.514168 -337768.144224
-657653.676075 -349901.624236
-646368.524660 -361711.791212
-634883.122668 -373195.540687
-623206.556644 -384350.018339
-611347.930070 -395172.619081
-599316.356583 -405660.985952
-587120.953256 -415813.008834
-574770.833968 -425626.822987
-562275.102851 -435100.807404
-549642.847829 -444233.582998
-536883.134246 -453024.010612
-524004.998594 -461471.188876
-511017.442345 -469574.451886
-497929.425881 -477333.366741
-484749.862538 -484747.730918
-471487.612766 -491817.569498
-458151.478398 -498543.132249
-444750.197046 -504924.890570
-431292.436617 -510963.534297
-417786.789952 -516659.968377
-404241.769605 -522015.309415
-390665.802743 -527030.882102
-377067.226186 -531708.215519
-363454.281587 -536049.039338
-349835.110742 -540055.279903
-336217.751054 -543729.056221
-322610.131133 -547072.675841
-309020.066543 -550088.630649
-295455.255695 -552779.592573
-281923.275898 -555148.409202
-268431.579542 -557198.099327
-254987.490453 -558931.848410
-241598.200385 -560353.003981
-228270.765672 -561465.070973
-215012.104033 -562271.707001
-201828.991531 -562776.717581
-188728.059688 -562984.051301
-175715.792756 -562897.794954
-162798.525135 -562522.168623
-149982.438964 -561861.520736
-137273.561846 -560920.323091
-124677.764744 -559703.165853
-112200.760025 -558214.752533
-99848.099658 -556459.894951
-87625.173561 -554443.508185
-75537.208114 -552170.605516
-63589.264803 -549646.293369
-51786.239035 -546875.766256
-40132.859084 -543864.301726
-28633.685197 -540617.255325
-17293.108838 -537140.055571
-6115.352084 -533438.198945
4895.532844 -529517.244911
15735.663903 -525382.810954
26401.329416 -521040.567658
36888.988116 -516496.233811
47195.269063 -511755.571550
57316.971422 -506824.381548
67251.064115 -501708.498249
76994.685339 -496413.785143
86545.141969 -490946.130102
95899.908822 -485311.440766
105056.627814 -479515.639983
114013.106997 -473564.661323
122767.319471 -467464.444637
131317.402195 -461220.931701
139661.654686 -454840.061916
147798.537605 -448327.768083
155726.671245 -441689.972259
163444.833919 -434932.581678
170951.960246 -428061.484760
178247.139346 -421082.547196
185329.612943 -414001.608116
192198.773376 -406824.476346
198854.161534 -399556.926743
205295.464694 -392204.696629
211522.514299 -384773.482303
217535.283645 -377268.935654
223333.885503 -369696.660863
228918.569670 -362062.211193
234289.720459 -354371.085886
239447.854118 -346628.727141
244393.616199 -338840.517204
249127.778865 -331011.775544
253651.238145 -323147.756129
257965.011145 -315253.644809
262070.233206 -307334.556790
265968.155025 -299395.534205
269660.139734 -291441.543801
273147.659937 -283477.474705
276432.294730 -275508.136307
279515.726669 -267538.256235
282399.738732 -259572.478431
285086.211240 -251615.361333
287577.118771 -243671.376148
289874.527046 -235744.905231
291980.589805 -227840.240558
293897.545673 -219961.582305
295627.715010 -212113.037516
297173.496764 -204298.618875
298537.365311 -196522.243571
299721.867302 -188787.732260
300729.618511 -181098.808119
301563.300683 -173459.096002
302225.658394 -165872.121675
302719.495917 -158341.311158
303047.674108 -150869.990143
303213.107294 -143461.383515
303218.760193 -136118.614949
303067.644838 -128844.706600
302762.817539 -121642.578879
302307.375852 -114515.050307
301704.455590 -107464.837458
300957.227846 -100494.554978
300068.896061 -93606.715685
299042.693113 -86803.730745
297881.878446 -80087.909930
296589.735229 -73461.461937
295169.567557 -66926.494793
293624.697689 -60485.016325
291958.463327 -54138.934696
290174.214934 -47890.059015
288275.313099 -41740.100001
286265.125943 -35690.670727
284147.026579 -29743.287405
281924.390604 -23899.370249
279600.593658 -18160.244385
277179.009016 -12527.140818
274663.005242 -7001.197453
272055.943886 -1583.460171
269361.177242 3725.116048
266582.046150 8923.665957
263721.877858 14011.412824
260783.983939 18987.667170
257771.658256 23851.825471
254688.174994 28603.368811
251536.786735 33241.861506
248320.722605 37766.949687
245043.186463 42178.359850
241707.355157 46475.897375
238316.376837 50659.445014
234873.369320 54728.961352
231381.418521 58684.479237
227843.576934 62526.104194
224262.862179 66254.012812
220642.255600 69868.451104
216984.700927 73369.732863
213293.102992 76758.237985
209570.326505 80034.410787
205819.194884 83198.758309
202042.489149 86251.848603
198242.946867 89194.309011
194423.261152 92026.824440
190586.079730 94750.135620
186734.004052 97365.037370
182869.588463 99872.376848
178995.339431 102273.051808
175113.714822 104568.008850
171227.123236 106758.241676
167337.923393 108844.789346
163448.423570 110828.734534
159560.881090 112711.201801
155677.501863 114493.355857
151800.439979 116176.399849
147931.797345 117761.573643
144073.623373 119250.152129
140227.914718 120643.443524
136396.615058 121942.787700
132581.614927 123149.554521
128784.751581 124265.142192
125007.808922 125290.975626
121252.517457 126228.504832
117520.554295 127079.203315
113813.543200 127844.566495
110133.054666 128526.110151
106480.606045 129125.368882
102857.661707 129643.894585
99265.633235 130083.254965
95705.879664 130445.032060
92179.707745 130730.820791
88688.372251 130942.227540
85233.076313 131080.868746
81814.971785 131148.369531
78435.159643 131146.362356
75094.690416 131076.485691
71794.564637 130940.382725
68535.733333 130739.700094
65319.098532 130476.086643
62145.513799 130151.192214
59015.784798 129766.666460
55930.669873 129324.157688
52890.880657 128825.311738
49897.082697 128271.770882
46949.896099 127665.172755
44049.896200 127007.149323
41197.614246 126299.325868
38393.538098 125543.320011
35638.112946 124740.740767
32931.742042 123893.187622
30274.787451 123002.249646
27667.570802 122069.504635
25110.374069 121096.518279
22603.440347 120084.843368
20146.974649 119036.019018
17741.144707 117951.569935
15386.081783 116833.005703
13081.881489 115681.820105
10828.604610 114499.490468
8626.277937 113287.477047
6474.895101 112047.222426
4374.417418 110780.150955
2324.774725 109487.668214
325.866234 108171.160504
-1622.438627 106831.994364
-3520.299359 105471.516119
-5367.903545 104091.051457
-7165.466004 102691.905021
-8913.227937 101275.360043
-10611.456085 99842.677995
-12260.441886 98395.098264
-13860.500629 96933.837857
-15411.970623 95460.091132
-16915.212360 93975.029547
-18370.607691 92479.801437
-19778.558999 90975.531814
-21139.488383 89463.322192
-22453.836852 87944.250430
-23722.063517 86419.370599
-24944.644797 84889.712874
-26122.073631 83356.283443
-27254.858699 81820.064436
-28343.523648 80282.013880
-29388.606336 78743.065665
-30390.658074 77204.129539
-31350.242886 75666.091111
-32267.936778 74129.811882
-33144.327014 72596.129289
-33980.011409 71065.856761
-34775.597624 69539.783803
-35531.702485 68018.676090
-36248.951300 66503.275570
-36927.977197 64994.300596
-37569.420476 63492.446059
-38173.927960 61998.383547
-38742.152378 60512.761506
-39274.751740 59036.205422
-39772.388745 57569.318014
-40235.730185 56112.679438
-40665.446372 54666.847497
-41062.210576 53232.357878
-41426.698475 51809.724377
-41759.587621 50399.439156
-42061.556914 49001.972992
-42333.286097 47617.775548
-42575.455259 46247.275643
-42788.744356 44890.881537
-42973.832737 43548.981219
-43131.398699 42221.942705
-43262.119035 40910.114341
-43366.668617 39613.825114
-43445.719975 38333.384966
-43499.942902 37069.085118
-43530.004064 35821.198395
-43536.566627 34589.979556
-43520.289897 33375.665630
-43481.828973 32178.476257
-43421.834415 30998.614027
-43340.951921 29836.264828
-43239.822017 28691.598192
-43119.079766 27564.767648
-42979.354485 26455.911072
-42821.269470 25365.151044
-42645.441743 24292.595199
-42452.481805 23238.336588
-42242.993402 22202.454031
-42017.573304 21185.012477
-41776.811093 20186.063361
-41521.288969 19205.644959
-41251.581557 18243.782746
-40968.255735 17300.489751
-40671.870470 16375.766912
-40362.976659 15469.603431
-40042.116990 14581.977121
-39709.825809 13712.854759
-39366.628992 12862.192434
-39013.043839 12029.935891
-38649.578965 11216.020875
-38276.734210 10420.373471
-37895.000553 9642.910439
-37504.860039 8883.539552
-37106.785711 8142.159925
-36701.241553 7418.662344
-36288.682440 6712.929585
-35869.554103 6024.836742
-35444.293088 5354.251537
-35013.326738 4701.034636
-34577.073174 4065.039954
-34135.941285 3446.114961
-33690.330725 2844.100982
-33240.631920 2258.833490
-32787.226076 1690.142397
-32330.485200 1137.852339
-31870.772124 601.782960
-31408.440531 81.749183
-30943.834997 -422.438516
-30477.291032 -910.973840
-30009.135121 -1384.054417
-29539.684787 -1841.881536
-29069.248640 -2284.659901
-28598.126444 -2712.597386
-28126.609182 -3125.904792
-27654.979132 -3524.795614
-27183.509935 -3909.485812
-26712.466685 -4280.193583
-26242.106004 -4637.139149
-25772.676134 -4980.544534
-25304.417030 -5310.633366
-24837.560449 -5627.630663
-24372.330052 -5931.762647
-23908.941501 -6223.256543
-23447.602566 -6502.340396
-22988.513228 -6769.242886
-22531.865789 -7024.193158
-22077.844981 -7267.420645
-21626.628079 -7499.154903
-21178.385017 -7719.625453
-20733.278504 -7929.061622
-20291.464142 -8127.692395
-19853.090542 -8315.746269
-19418.299452 -8493.451112
-18987.225874 -8661.034028
-18559.998188 -8818.721226
-18136.738277 -8966.737895
-17717.561652 -9105.308082
-17302.577578 -9234.654579
-16891.889198 -9354.998805
-16485.593663 -9466.560709
-16083.782257 -9569.558657
-15686.540523 -9664.209342
-15293.948395 -9750.727688
-14906.080320 -9829.326760
-14523.005388 -9900.217681
-14144.787459 -9963.609551
-13771.485288 -10019.709369
-13403.152655 -10068.721964
-13039.838487 -10110.849922
-12681.586985 -10146.293526
-12328.437750 -10175.250693
-11980.425902 -10197.916918
-11637.582212 -10214.485220
-11299.933216 -10225.146092
-10967.501338 -10230.087457
-10640.305017 -10229.494622
-10318.358815 -10223.550242
-10001.673547 -10212.434282
-9690.256389 -10196.323983
-9384.110998 -10175.393836
-9083.237627 -10149.815551
-8787.633236 -10119.758035
-8497.291605 -10085.387372
-8212.203443 -10046.866803
-7932.356501 -10004.356711
-7657.735674 -9958.014608
-7388.323111 -9907.995126
-7124.098316 -9854.450007
-6865.038256 -9797.528099
-6611.117457 -9737.375352
-6362.308103 -9674.134818
-6118.580140 -9607.946651
-5879.901367 -9538.948111
-5646.237531 -9467.273569
-5417.552421 -9393.054514
-5193.807959 -9316.419564
-4974.964289 -9237.494473
-4760.979863 -9156.402148
-4551.811530 -9073.262661
-4347.414615 -8988.193264
-4147.743008 -8901.308407
-3952.749239 -8812.719760
-3762.384556 -8722.536226
-3576.599009 -8630.863972
-3395.341514 -8537.806442
-3218.559939 -8443.464389
-3046.201163 -8347.935894
-2878.211156 -8251.316398
-2714.535041 -8153.698724
-2555.117162 -8055.173108
-2399.901149 -7955.827227
-2248.829978 -7855.746229
-2101.846037 -7755.012765
-1958.891182 -7653.707019
-1819.906794 -7551.906739
-1684.833837 -7449.687274
-1553.612912 -7347.121603
-1426.184306 -7244.280371
-1302.488051 -7141.231923
-1182.463965 -7038.042339
-1066.051704 -6934.775470
-953.190807 -6831.492971
-843.820744 -6728.254341
-737.880953 -6625.116957
-635.310887 -6522.136109
-536.050051 -6419.365040
-440.038042 -6316.854981
-347.214587 -6214.655188
-257.519578 -6112.812982
-170.893103 -6011.373781
-87.275487 -5910.381141
-6.607316 -5809.876793
71.170530 -5709.900681
146.116847 -5610.490995
218.290079 -5511.684213
287.748293 -5413.515137
354.549154 -5316.016928
418.749899 -5219.221144
480.407317 -5123.157777
539.577723 -5027.855289
596.316941 -4933.340649
650.680284 -4839.639367
702.722534 -4746.775531
752.497927 -4654.771842
800.060133 -4563.649651
845.462245 -4473.428992
888.756761 -4384.128615
929.995573 -4295.766024
969.229954 -4208.357509
1006.510545 -4121.918177
1041.887347 -4036.461989
1075.409708 -3952.001792
1107.126315 -3868.549349
1137.085190 -3786.115372
1165.333674 -3704.709554
1191.918429 -3624.340599
1216.885428 -3545.016256
1240.279947 -3466.743344
1262.146568 -3389.527783
1282.529167 -3313.374627
1301.470918 -3238.288089
1319.014284 -3164.271571
1335.201021 -3091.327689
1350.072170 -3019.458305
1363.668064 -2948.664551
1376.028321 -2878.946855
1387.191847 -2810.304967
1397.196837 -2742.737988
1406.080776 -2676.244390
1413.880440 -2610.822042
1420.631898 -2546.468236
1426.370517 -2483.179709
1431.130962 -2420.952664
1434.947201 -2359.782795
1437.852505 -2299.665311
1439.879461 -2240.594952
1441.059965 -2182.566014
1441.425236 -2125.572369
1441.005816 -2069.607483
1439.831578 -2014.664440
1437.931728 -1960.735955
1435.334816 -1907.814398
1432.068737 -1855.891812
1428.160741 -1804.959924
1423.637439 -1755.010173
1418.524806 -1706.033716
1412.848194 -1658.021453
1406.632336 -1610.964039
1399.901351 -1564.851897
1392.678756 -1519.675241
1384.987472 -1475.424080
1376.849828 -1432.088243
1368.287575 -1389.657385
1359.321891 -1348.121002
1349.973388 -1307.468448
1340.262121 -1267.688943
1330.207597 -1228.771587
1319.828783 -1190.705371
1309.144114 -1153.479191
1298.171501 -1117.081856
1286.928341 -1081.502099
1275.431523 -1046.728590
1263.697440 -1012.749942
1251.741994 -979.554724
1239.580607 -947.131470
1227.228227 -915.468685
1214.699341 -884.554856
1202.007979 -854.378461
1189.167723 -824.927975
1176.191721 -796.191878
1163.092686 -768.158663
1149.882915 -740.816844
1136.574288 -714.154960
1123.178283 -688.161584
1109.705982 -662.825328
1096.168077 -638.134850
1082.574883 -614.078857
1068.936343 -590.646114
1055.262035 -567.825447
1041.561184 -545.605748
1027.842668 -523.975980
1014.115024 -502.925181
1000.386457 -482.442470
986.664852 -462.517048
972.957773 -443.138203
959.272480 -424.295316
945.615930 -405.977860
931.994786 -388.175407
918.415425 -370.877628
904.883946 -354.074297
891.406175 -337.755294
877.987675 -321.910608
864.633749 -306.530336
851.349450 -291.604690
838.139586 -277.123993
825.008730 -263.078686
811.961221 -249.459327
799.001173 -236.256593
786.132486 -223.461281
773.358842 -211.064310
760.683722 -199.056720
748.110405 -187.429676
735.641976 -176.174467
723.281332 -165.282504
711.031188 -154.745328
698.894082 -144.554601
686.872381 -134.702115
674.968284 -125.179786
663.183833 -115.979657
651.520911 -107.093897
639.981254 -98.514804
628.566450 -90.234798
617.277947 -82.246430
606.117059 -74.542372
595.084966 -67.115425
584.182726 -59.958513
573.411270 -53.064686
562.771415 -46.427116
552.263863 -40.039101
541.889207 -33.894059
531.647937 -27.985530
521.540439 -22.307177
511.567004 -16.852781
501.727829 -11.616243
492.023020 -6.591584
482.452600 -1.772938
473.016506 2.845440
463.714600 7.269182
454.546664 11.503807
445.512412 15.554720
436.611484 19.427213
427.843458 23.126470
419.207847 26.657563
410.704104 30.025458
402.331624 33.235013
394.089749 36.290981
385.977768 39.198012
377.994922 41.960651
370.140402 44.583342
362.413359 47.070429
354.812900 49.426159
347.338092 51.654680
339.987966 53.760042
332.761517 55.746204
325.657707 57.617031
318.675468 59.376294
311.813702 61.027676
305.071285 62.574770
298.447067 64.021081
291.939875 65.370030
285.548514 66.624951
279.271770 67.789095
273.108409 68.865632
267.057183 69.857652
261.116825 70.768164
255.286057 71.600102
249.563587 72.356321
243.948115 73.039603
238.438327 73.652656
233.032904 74.198115
227.730518 74.678547
222.529834 75.096445
217.429514 75.454239
212.428216 75.754288
207.524594 75.998889
202.717301 76.190273
198.004987 76.330608
193.386306 76.422002
188.859908 76.466501
184.424448 76.466093
180.078582 76.422708
175.820971 76.338221
171.650277 76.214449
167.565169 76.053156
163.564320 75.856054
159.646409 75.624804
155.810123 75.361012
152.054154 75.066240
148.377203 74.741999
144.777977 74.389752
141.255195 74.010919
137.807582 73.606871
134.433874 73.178938
131.132815 72.728406
127.903163 72.256520
124.743682 71.764482
121.653150 71.253457
118.630356 70.724568
115.674098 70.178904
112.783189 69.617513
109.956452 69.041409
107.192723 68.451571
104.490850 67.848943
101.849695 67.234436
99.268130 66.608929
96.745043 65.973268
94.279334 65.328271
91.869915 64.674723
89.515714 64.013381
87.215670 63.344973
84.968737 62.670202
82.773882 61.989740
80.630086 61.304238
78.536344 60.614316
76.491664 59.920573
74.495069 59.223585
72.545595 58.523900
70.642291 57.822049
68.784222 57.118537
66.970465 56.413850
65.200111 55.708451
63.472266 55.002786
61.786049 54.297279
60.140593 53.592337
58.535043 52.888347
56.968559 52.185680
55.440316 51.484688
53.949499 50.785707
52.495309 50.089059
51.076959 49.395047
49.693676 48.703960
48.344701 48.016074
47.029284 47.331649
45.746693 46.650932
44.496206 45.974157
43.277113 45.301544
42.088719 44.633303
40.930340 43.969630
39.801303 43.310709
38.700951 42.656715
37.628635 42.007811
36.583721 41.364149
35.565584 40.725872
34.573614 40.093114
33.607209 39.465997
32.665782 38.844638
31.748754 38.229141
30.855560 37.619604
29.985643 37.016118
29.138460 36.418765
28.313477 35.827618
27.510170 35.242746
26.728027 34.664209
25.966545 34.092061
25.225231 33.526350
24.503605 32.967118
23.801192 32.414400
23.117530 31.868227
22.452166 31.328623
21.804657 30.795609
21.174567 30.269199
20.561471 29.749404
19.964952 29.236228
19.384604 28.729674
18.820027 28.229739
18.270831 27.736416
17.736634 27.249695
17.217062 26.769563
16.711751 26.296001
16.220341 25.828989
15.742484 25.368504
15.277838 24.914520
14.826068 24.467007
14.386848 24.025933
13.959858 23.591264
13.544785 23.162964
13.141325 22.740994
12.749179 22.325313
12.368055 21.915878
11.997669 21.512644
11.637741 21.115565
11.288001 20.724593
10.948182 20.339678
10.618026 19.960770
10.297278 19.587816
9.985692 19.220762
9.683025 18.859555
9.389042 18.504137
9.103513 18.154453
8.826212 17.810445
8.556921 17.472054
8.295424 17.139222
8.041514 16.811888
7.794987 16.489993
7.555642 16.173475
7.323286 15.862274
7.097730 15.556326
6.878789 15.255571
6.666283 14.959945
6.460036 14.669387
6.259876 14.383832
6.065637 14.103219
5.877155 13.827484
5.694272 13.556564
5.516832 13.290396
5.344685 13.028917
5.177684 12.772064
5.015685 12.519773
4.858548 12.271983
4.706137 12.028630
4.558320 11.789652
4.414967 11.554987
4.275952 11.324572
4.141152 11.098347
4.010448 10.876250
3.883723 10.658220
3.760864 10.444197
3.641761 10.234120
3.526306 10.027929
3.414394 9.825566
3.305923 9.626970
3.200794 9.432084
3.098911 9.240850
3.000180 9.053209
2.904508 8.869106
2.811807 8.688483
2.721990 8.511285
2.634973 8.337456
2.550674 8.166941
2.469013 7.999686
2.389911 7.835637
2.313295 7.674741
2.239089 7.516945
2.167223 7.362197
2.097627 7.210446
2.030234 7.061640
1.964977 6.915730
1.901793 6.772666
1.840619 6.632398
1.781396 6.494879
1.724064 6.360060
1.668566 6.227894
1.614847 6.098335
1.562853 5.971336
1.512531 5.846852
1.463831 5.724838
1.416703 5.605251
1.371098 5.488046
1.326971 5.373180
1.284275 5.260611
1.242967 5.150298
1.203003 5.042199
1.164343 4.936273
1.126945 4.832481
1.090771 4.730784
1.055783 4.631141
1.021942 4.533516
0.989215 4.437871
0.957564 4.344168
0.926958 4.252371
0.897362 4.162445
0.868745 4.074353
0.841077 3.988062
0.814326 3.903536
0.788464 3.820742
0.763463 3.739648
0.739294 3.660220
0.715932 3.582427
0.693351 3.506237
0.671525 3.431619
0.650430 3.358542
0.630043 3.286977
0.610341 3.216894
0.591302 3.148264
0.572903 3.081058
0.555125 3.015250
0.537946 2.950811
0.521348 2.887714
0.505312 2.825933
0.489818 2.765442
0.474850 2.706215
0.460389 2.648226
0.446420 2.591452
0.432925 2.535868
0.419889 2.481451
0.407297 2.428176
0.395134 2.376021
0.383386 2.324963
0.372039 2.274980
0.361079 2.226051
0.350493 2.178154
0.340269 2.131268
0.330395 2.085373
0.320858 2.040449
0.311648 1.996475
0.302753 1.953432
0.294163 1.911302
0.285866 1.870065
0.277854 1.829704
0.270116 1.790200
0.262643 1.751536
0.255426 1.713694
0.248455 1.676657
0.241723 1.640409
0.235222 1.604934
0.228943 1.570215
0.222878 1.536237
0.217020 1.502984
0.211362 1.470441
0.205897 1.438594
0.200618 1.407428
0.195518 1.376929
0.190592 1.347082
0.185833 1.317875
0.181235 1.289294
0.176792 1.261325
0.172500 1.233956
0.168352 1.207175
0.164344 1.180968
0.160470 1.155324
0.156726 1.130231
0.153107 1.105677
0.149609 1.081651
0.146227 1.058142
0.142957 1.035139
0.139795 1.012631
0.136737 0.990607
0.133780 0.969058
0.130919 0.947973
0.128152 0.927343
0.125474 0.907157
0.122883 0.887407
0.120375 0.868083
0.117947 0.849176
0.115597 0.830677
0.113322 0.812577
0.111118 0.794868
0.108983 0.777541
0.106915 0.760589
0.104911 0.744004
0.102969 0.727776
0.101087 0.711900
0.099262 0.696367
0.097491 0.681170
0.095774 0.666301
0.094109 0.651755
0.092492 0.637523
0.090923 0.623599
0.089399 0.609976
0.087920 0.596649
0.086482 0.583610
0.085085 0.570853
0.083728 0.558373
0.082408 0.546163
0.081125 0.534217
0.079876 0.522530
0.078661 0.511097
0.077479 0.499911
0.076328 0.488968
0.075206 0.478262
0.074114 0.467788
0.073049 0.457541
0.072011 0.447517
0.070999 0.437710
0.070012 0.428115
0.069048 0.418728
0.068108 0.409545
0.067189 0.400562
0.066292 0.391773
0.065416 0.383174
0.064559 0.374763
0.063721 0.366533
0.062902 0.358483
0.062100 0.350607
0.061315 0.342902
0.060547 0.335364
0.059794 0.327989
0.059056 0.320775
0.058334 0.313717
0.057625 0.306812
0.056930 0.300058
0.056248 0.293449
0.055579 0.286985
0.054922 0.280660
0.054276 0.274473
0.053643 0.268420
0.053020 0.262499
0.052407 0.256706
0.051805 0.251038
0.051213 0.245494
0.050631 0.240070
0.050057 0.234764
0.049493 0.229574
0.048937 0.224495
0.048389 0.219527
0.047850 0.214667
0.047318 0.209913
0.046794 0.205262
0.046278 0.200711
0.045768 0.196260
0.045266 0.191905
0.044770 0.187645
0.044280 0.183477
0.043797 0.179400
0.043320 0.175411
0.042849 0.171509
0.042383 0.167692
0.041924 0.163958
0.041469 0.160304
0.041020 0.156731
0.040577 0.153234
0.040138 0.149814
0.039704 0.146468
0.039275 0.143195
0.038851 0.139993
0.038431 0.136861
0.038016 0.133796
0.037605 0.130799
0.037198 0.127866
0.036796 0.124997
0.036397 0.122191
0.036003 0.119446
0.035612 0.116760
0.035226 0.114133
0.034843 0.111563
0.034464 0.109049
0.034088 0.106589
0.033716 0.104183
0.033348 0.101830
0.032983 0.099528
0.032621 0.097276
0.032263 0.095073
0.031908 0.092918
0.031556 0.090809
0.031208 0.088747
0.030862 0.086730
0.030520 0.084757
0.030181 0.082827
0.029845 0.080939
0.029512 0.079092
0.029181 0.077285
0.028854 0.075518
0.028530 0.073789
0.028208 0.072099
0.027890 0.070445
0.027574 0.068827
0.027260 0.067245
0.026950 0.065697
0.026642 0.064183
0.026337 0.062702
0.026035 0.061254
0.025735 0.059837
0.025438 0.058452
0.025144 0.057096
0.024852 0.055771
0.024563 0.054474
0.024276 0.053206
0.023992 0.051966
0.023710 0.050753
0.023431 0.049567
0.023154 0.048407
0.022880 0.047272
0.022608 0.046162
0.022338 0.045077
0.022071 0.044015
0.021807 0.042977
0.021544 0.041962
0.021285 0.040969
0.021027 0.039998
0.020772 0.039049
0.020519 0.038120
0.020268 0.037212
0.020020 0.036324
0.019774 0.035456
0.019530 0.034607
0.019289 0.033777
0.019050 0.032965
0.018813 0.032171
0.018578 0.031395
0.018345 0.030636
0.018115 0.029894
0.017887 0.029169
0.017661 0.028460
0.017437 0.027766
0.017215 0.027088
0.016995 0.026425
0.016778 0.025777
0.016563 0.025143
0.016349 0.024524
0.016138 0.023918
0.015929 0.023326
0.015722 0.022748
0.015517 0.022182
0.015314 0.021629
0.015113 0.021088
0.014914 0.020560
0.014718 0.020044
0.014523 0.019539
0.014330 0.019046
0.014139 0.018563
0.013950 0.018092
0.013763 0.017631
0.013578 0.017181
0.013395 0.016741
0.013213 0.016311
0.013034 0.015891
0.012857 0.015481
0.012681 0.015080
0.012507 0.014688
0.012335 0.014305
0.012165 0.013930
0.011997 0.013565
0.011831 0.013208
0.011666 0.012859
0.011503 0.012518
0.011342 0.012185
0.011183 0.011859
0.011026 0.011541
0.010870 0.011231
0.010716 0.010928
0.010564 0.010631
0.010413 0.010342
0.010264 0.010060
0.010117 0.009784
0.009971 0.009514
0.009827 0.009251
0.009685 0.008994
0.009544 0.008743
0.009405 0.008498
0.009268 0.008259
0.009132 0.008025
0.008998 0.007797
0.008865 0.007575
0.008734 0.007357
0.008605 0.007145
0.008477 0.006938
0.008350 0.006736
0.008225 0.006539
0.008102 0.006347
0.007980 0.006159
0.007859 0.005975
0.007740 0.005797
0.007622 0.005622
0.007506 0.005452
0.007391 0.005286
0.007278 0.005124
0.007166 0.004966
0.007055 0.004811
0.006946 0.004661
0.006838 0.004514
0.006732 0.004371
0.006627 0.004232
0.006523 0.004096
0.006420 0.003963
0.006319 0.003834
0.006219 0.003708
0.006120 0.003585
0.006023 0.003465
0.005927 0.003348
0.005832 0.003234
0.005738 0.003124
0.005646 0.003016
0.005555 0.002910
0.005464 0.002808
0.005376 0.002708
0.005288 0.002611
0.005201 0.002516
0.005116 0.002423
0.005032 0.002333
0.004948 0.002246
0.004866 0.002161
0.004785 0.002078
0.004706 0.001997
0.004627 0.001918
0.004549 0.001842
0.004473 0.001767
0.004397 0.001695
0.004322 0.001625
0.004249 0.001556
0.004176 0.001489
0.004105 0.001424
0.004034 0.001361
0.003965 0.001300
0.003896 0.001241
0.003829 0.001183
0.003762 0.001126
0.003696 0.001072
0.003632 0.001019
0.003568 0.000967
0.003505 0.000917
0.003443 0.000868
0.003382 0.000821
0.003321 0.000775
0.003262 0.000730
0.003203 0.000687
0.003146 0.000645
0.003089 0.000605
0.003033 0.000565
0.002978 0.000527
0.002923 0.000490
0.002870 0.000454
0.002817 0.000419
0.002765 0.000385
0.002714 0.000352
0.002663 0.000321
0.002613 0.000290
0.002564 0.000260
0.002516 0.000232
0.002469 0.000204
0.002422 0.000177
0.002376 0.000151
0.002330 0.000126
0.002286 0.000102
0.002242 0.000078
0.002199 0.000056
0.002156 0.000034
0.002114 0.000013
0.002073 -0.000008
0.002032 -0.000027
0.001992 -0.000046
0.001953 -0.000064
0.001914 -0.000082
0.001876 -0.000099
0.001838 -0.000115
0.001801 -0.000131
0.001765 -0.000146
0.001729 -0.000160
0.001694 -0.000174
0.001659 -0.000187
0.001625 -0.000200
0.001592 -0.000212
0.001559 -0.000224
0.001526 -0.000235
0.001494 -0.000246
0.001463 -0.000256
0.001432 -0.000266
0.001402 -0.000275
0.001372 -0.000284
0.001343 -0.000292
0.001314 -0.000300
0.001286 -0.000308
0.001258 -0.000315
0.001230 -0.000322
0.001203 -0.000328
0.001177 -0.000335
0.001151 -0.000340
0.001125 -0.000346
0.001100 -0.000351
0.001076 -0.000356
0.001051 -0.000360
0.001027 -0.000364
0.001004 -0.000368
0.000981 -0.000372
0.000958 -0.000375
0.000936 -0.000378
0.000914 -0.000381
0.000893 -0.000383
0.000872 -0.000386
0.000851 -0.000388
0.000831 -0.000390
0.000811 -0.000391
0.000791 -0.000392
0.000772 -0.000394
0.000753 -0.000395
0.000735 -0.000395
0.000717 -0.000396
0.000699 -0.000396
0.000681 -0.000397
0.000664 -0.000397
0.000647 -0.000397
0.000631 -0.000396
0.000615 -0.000396
0.000599 -0.000395
0.000583 -0.000395
0.000568 -0.000394
0.000553 -0.000393
0.000538 -0.000392
0.000524 -0.000391
0.000509 -0.000389
0.000495 -0.000388
0.000482 -0.000386
0.000469 -0.000384
0.000455 -0.000383
0.000443 -0.000381
0.000430 -0.000379
0.000418 -0.000377
0.000406 -0.000375
0.000394 -0.000372
0.000382 -0.000370
0.000371 -0.000368
0.000360 -0.000365
0.000349 -0.000363
0.000338 -0.000360
0.000328 -0.000358
0.000318 -0.000355
0.000308 -0.000352
0.000298 -0.000349
0.000288 -0.000347
0.000279 -0.000344
0.000270 -0.000341
0.000261 -0.000338
0.000252 -0.000335
0.000243 -0.000332
0.000235 -0.000329
0.000227 -0.000325
0.000219 -0.000322
0.000211 -0.000319
0.000203 -0.000316
0.000195 -0.000313
0.000188 -0.000309
0.000181 -0.000306
0.000174 -0.000303
0.000167 -0.000299
0.000160 -0.000296
0.000154 -0.000293
0.000147 -0.000289
0.000141 -0.000286
0.000135 -0.000283
0.000129 -0.000279
0.000123 -0.000276
0.000118 -0.000273
0.000112 -0.000269
0.000107 -0.000266
0.000102 -0.000262
0.000096 -0.000259
0.000091 -0.000256
0.000087 -0.000252
0.000082 -0.000249
0.000077 -0.000246
0.000073 -0.000242
0.000068 -0.000239
0.000064 -0.000236
0.000060 -0.000232
0.000056 -0.000229
0.000052 -0.000226
0.000048 -0.000222
0.000044 -0.000219
0.000041 -0.000216
0.000037 -0.000213
0.000034 -0.000209
0.000031 -0.000206
0.000027 -0.000203
0.000024 -0.000200
0.000021 -0.000197
0.000018 -0.000193
0.000015 -0.000190
0.000012 -0.000187
0.000010 -0.000184
0.000007 -0.000181
0.000005 -0.000178
0.000002 -0.000175
-0.000000 -0.000172
-0.000002 -0.000169
-0.000005 -0.000166
-0.000007 -0.000163
-0.000009 -0.000160
-0.000011 -0.000158
-0.000013 -0.000155
-0.000015 -0.000152
-0.000017 -0.000149
-0.000018 -0.000146
-0.000020 -0.000144
-0.000022 -0.000141
-0.000023 -0.000138
-0.000025 -0.000136
-0.000026 -0.000133
-0.000028 -0.000130
-0.000029 -0.000128
-0.000030 -0.000125
-0.000031 -0.000123
-0.000033 -0.000120
-0.000034 -0.000118
-0.000035 -0.000115
-0.000036 -0.000113
-0.000037 -0.000110
-0.000038 -0.000108
-0.000039 -0.000106
-0.000039 -0.000103
-0.000040 -0.000101
-0.000041 -0.000099
-0.000042 -0.000097
-0.000042 -0.000094
-0.000043 -0.000092
-0.000044 -0.000090
-0.000044 -0.000088
-0.000045 -0.000086
-0.000045 -0.000084
-0.000046 -0.000082
-0.000046 -0.000080
-0.000046 -0.000078
-0.000047 -0.000076
-0.000047 -0.000074
-0.000047 -0.000072
-0.000048 -0.000070
-0.000048 -0.000068
-0.000048 -0.000067
-0.000048 -0.000065
-0.000049 -0.000063
-0.000049 -0.000061
-0.000049 -0.000060
-0.000049 -0.000058
-0.000049 -0.000056
-0.000049 -0.000055
-0.000049 -0.000053
-0.000049 -0.000052
-0.000049 -0.000050
-0.000049 -0.000048
-0.000049 -0.000047
-0.000049 -0.000045
-0.000049 -0.000044
-0.000049 -0.000043
-0.000048 -0.000041
-0.000048 -0.000040
-0.000048 -0.000038
-0.000048 -0.000037
-0.000048 -0.000036
-0.000047 -0.000035
-0.000047 -0.000033
-0.000047 -0.000032
-0.000047 -0.000031
-0.000046 -0.000030
-0.000046 -0.000028
-0.000046 -0.000027
-0.000046 -0.000026
-0.000045 -0.000025
-0.000045 -0.000024
-0.000045 -0.000023
-0.000044 -0.000022
-0.000044 -0.000021
-0.000044 -0.000020
-0.000043 -0.000019
-0.000043 -0.000018
-0.000042 -0.000017
-0.000042 -0.000016
-0.000042 -0.000015
-0.000041 -0.000014
-0.000041 -0.000013
-0.000040 -0.000013
-0.000040 -0.000012
-0.000040 -0.000011
-0.000039 -0.000010
-0.000039 -0.000009
-0.000038 -0.000009
-0.000038 -0.000008
-0.000037 -0.000007
-0.000037 -0.000007
-0.000036 -0.000006
-0.000036 -0.000005
-0.000036 -0.000005
-0.000035 -0.000004
-0.000035 -0.000003
-0.000034 -0.000003
-0.000034 -0.000002
-0.000033 -0.000002
-0.000033 -0.000001
-0.000032 -0.000000
-0.000032 0.000000
-0.000031 0.000001
-0.000031 0.000001
-0.000030 0.000002
-0.000030 0.000002
-0.000029 0.000002
-0.000029 0.000003
-0.000029 0.000003
-0.000028 0.000004
-0.000028 0.000004
-0.000027 0.000005
-0.000027 0.000005
-0.000026 0.000005
-0.000026 0.000006
-0.000025 0.000006
-0.000025 0.000006
-0.000024 0.000007
-0.000024 0.000007
-0.000023 0.000007
-0.000023 0.000007
-0.000022 0.000008
-0.000022 0.000008
-0.000022 0.000008
-0.000021 0.000009
-0.000021 0.000009
-0.000020 0.000009
-0.000020 0.000009
-0.000019 0.000009
-0.000019 0.000010
-0.000019 0.000010
-0.000018 0.000010
-0.000018 0.000010
-0.000017 0.000010
-0.000017 0.000010
-0.000016 0.000011
-0.000016 0.000011
-0.000016 0.000011
-0.000015 0.000011
-0.000015 0.000011
-0.000014 0.000011
-0.000014 0.000011
-0.000014 0.000011
-0.000013 0.000011
-0.000013 0.000011
-0.000013 0.000011
-0.000012 0.000012
-0.000012 0.000012
-0.000011 0.000012
-0.000011 0.000012
-0.000011 0.000012
-0.000010 0.000012
-0.000010 0.000012
-0.000010 0.000012
-0.000009 0.000012
-0.000009 0.000012
-0.000009 0.000012
-0.000008 0.000012
-0.000008 0.000012
-0.000008 0.000012
-0.000008 0.000012
-0.000007 0.000012
-0.000007 0.000012
-0.000007 0.000012
-0.000006 0.000012
-0.000006 0.000012
-0.000006 0.000012
-0.000005 0.000011
-0.000005 0.000011
-0.000005 0.000011
-0.000005 0.000011
-0.000004 0.000011
-0.000004 0.000011
-0.000004 0.000011
-0.000004 0.000011
-0.000003 0.000011
-0.000003 0.000011
-0.000003 0.000011
-0.000003 0.000011
-0.000003 0.000011
-0.000002 0.000010
-0.000002 0.000010
-0.000002 0.000010
-0.000002 0.000010
-0.000001 0.000010
-0.000001 0.000010
-0.000001 0.000010
-0.000001 0.000010
-0.000001 0.000010
-0.000000 0.000010
-0.000000 0.000009
-0.000000 0.000009
0.000000 0.000009
0.000000 0.000009
0.000000 0.000009
0.000001 0.000009
0.000001 0.000009
0.000001 0.000009
0.000001 0.000009
0.000001 0.000008
0.000001 0.000008
0.000001 0.000008
0.000002 0.000008
0.000002 0.000008
0.000002 0.000008
0.000002 0.000008
0.000002 0.000008
0.000002 0.000007
0.000002 0.000007
0.000002 0.000007
0.000002 0.000007
0.000003 0.000007
0.000003 0.000007
0.000003 0.000007
0.000003 0.000007
0.000003 0.000006
0.000003 0.000006
0.000003 0.000006
0.000003 0.000006
0.000003 0.000006
0.000003 0.000006
0.000003 0.000006
0.000003 0.000005
0.000003 0.000005
0.000004 0.000005
0.000004 0.000005
0.000004 0.000005
0.000004 0.000005
0.000004 0.000005
0.000004 0.000005
0.000004 0.000004
0.000004 0.000004
0.000004 0.000004
0.000004 0.000004
0.000004 0.000004
0.000004 0.000004
0.000004 0.000004
0.000004 0.000004
0.000004 0.000004
0.000004 0.000003
0.000004 0.000003
0.000004 0.000003
0.000004 0.000003
0.000004 0.000003
0.000004 0.000003
0.000004 0.000003
0.000004 0.000003
0.000004 0.000003
0.000004 0.000002
0.000004 0.000002
0.000004 0.000002
0.000004 0.000002
0.000004 0.000002
0.000004 0.000002
0.000004 0.000002
0.000004 0.000002
0.000004 0.000002
0.000004 0.000001
0.000004 0.000001
0.000004 0.000001
0.000004 0.000001
0.000004 0.000001
0.000004 0.000001
0.000004 0.000001
0.000004 0.000001
0.000004 0.000001
0.000004 0.000001
0.000004 0.000001
0.000004 0.000001
0.000004 0.000000
0.000004 0.000000
0.000004 0.000000
0.000004 0.000000
0.000004 0.000000
0.000004 0.000000
0.000004 -0.000000
0.000004 -0.000000
0.000004 -0.000000
0.000004 -0.000000
0.000004 -0.000000
0.000003 -0.000000
0.000003 -0.000000
0.000003 -0.000000
0.000003 -0.000001
0.000003 -0.000001
0.000003 -0.000001
0.000003 -0.000001
0.000003 -0.000001
0.000003 -0.000001
0.000003 -0.000001
0.000003 -0.000001
0.000003 -0.000001
0.000003 -0.000001
0.000003 -0.000001
0.000003 -0.000001
0.000003 -0.000001
0.000003 -0.000001
0.000003 -0.000001
0.000003 -0.000001
0.000003 -0.000001
0.000003 -0.000001
0.000002 -0.000001
0.000002 -0.000001
0.000002 -0.000002
0.000002 -0.000002
0.000002 -0.000002
0.000002 -0.000002
0.000002 -0.000002
0.000002 -0.000002
0.000002 -0.000002
0.000002 -0.000002
0.000002 -0.000002
0.000002 -0.000002
0.000002 -0.000002
0.000002 -0.000002
0.000002 -0.000002
0.000002 -0.000002
0.000002 -0.000002
0.000002 -0.000002
0.000002 -0.000002
0.000002 -0.000002
0.000001 -0.000002
0.000001 -0.000002
0.000001 -0.000002
0.000001 -0.000002
0.000001 -0.000002
0.000001 -0.000002
0.000001 -0.000002
0.000001 -0.000002
0.000001 -0.000002
0.000001 -0.000002
0.000001 -0.000002
0.000001 -0.000002
0.000001 -0.000002
0.000001 -0.000002
0.000001 -0.000002
0.000001 -0.000002
0.000001 -0.000002
0.000001 -0.000002
0.000001 -0.000002
0.000001 -0.000002
0.000000 -0.000002
0.000000 -0.000002
0.000000 -0.000002
0.000000 -0.000002
0.000000 -0.000002
0.000000 -0.000002
0.000000 -0.000002
0.000000 -0.000002
0.000000 -0.000002
0.000000 -0.000002
0.000000 -0.000002
0.000000 -0.000002
-0.000000 -0.000002
-0.000000 -0.000002
-0.000000 -0.000002
-0.000000 -0.000002
-0.000000 -0.000002
-0.000000 -0.000002
-0.000000 -0.000002
-0.000000 -0.000002
-0.000000 -0.000002
-0.000000 -0.000002
-0.000000 -0.000002
-0.000000 -0.000002
-0.000000 -0.000002
-0.000000 -0.000002
-0.000001 -0.000002
-0.000001 -0.000002
-0.000001 -0.000002
-0.000001 -0.000002
-0.000001 -0.000002
-0.000001 -0.000002
-0.000001 -0.000001
-0.000001 -0.000001
-0.000001 -0.000001
-0.000001 -0.000001
-0.000001 -0.000001
-0.000001 -0.000001
-0.000001 -0.000001
-0.000001 -0.000001
-0.000001 -0.000001
-0.000001 -0.000001
-0.000001 -0.000001
-0.000001 -0.000001
-0.000001 -0.000001
-0.000001 -0.000001
-0.000001 -0.000001
-0.000001 -0.000001
-0.000001 -0.000001
-0.000001 -0.000001
-0.000001 -0.000001
-0.000001 -0.000001
-0.000001 -0.000001
-0.000001 -0.000001
-0.000001 -0.000001
-0.000001 -0.000001
-0.000001 -0.000001
-0.000001 -0.000001
-0.000001 -0.000001
-0.000001 -0.000001
-0.000001 -0.000001
-0.000001 -0.000001
-0.000001 -0.000001
-0.000001 -0.000001
-0.000001 -0.000001
-0.000001 -0.000001
-0.000001 -0.000001
-0.000001 -0.000001
-0.000001 -0.000000
-0.000001 -0.000000
-0.000001 -0.000000
-0.000001 -0.000000
-0.000001 -0.000000
-0.000001 -0.000000
-0.000001 -0.000000
-0.000001 -0.000000
-0.000001 -0.000000
-0.000001 -0.000000
-0.000001 -0.000000
-0.000001 -0.000000
-0.000001 -0.000000
-0.000001 -0.000000
-0.000001 -0.000000
-0.000001 -0.000000
-0.000001 -0.000000
-0.000001 -0.000000
-0.000001 0.000000
-0.000001 0.000000
-0.000001 0.000000
-0.000001 0.000000
-0.000001 0.000000
-0.000001 0.000000
-0.000001 0.000000
-0.000001 0.000000
-0.000001 0.000000
-0.000001 0.000000
-0.000001 0.000000
-0.000001 0.000000
-0.000001 0.000000
-0.000001 0.000000
-0.000001 0.000000
-0.000001 0.000000
-0.000001 0.000000
-0.000001 0.000000
-0.000001 0.000000
-0.000001 0.000000
-0.000001 0.000000
-0.000001 0.000000
-0.000001 0.000000
-0.000001 0.000001
-0.000001 0.000001
-0.000001 0.000001
-0.000001 0.000001
-0.000001 0.000001
-0.000001 0.000001
-0.000001 0.000001
-0.000001 0.000001
-0.000001 0.000001
-0.000001 0.000001
-0.000001 0.000001
-0.000001 0.000001
-0.000001 0.000001
-0.000001 0.000001
-0.000001 0.000001
-0.000001 0.000001
-0.000001 0.000001
-0.000001 0.000001
-0.000001 0.000001
-0.000001 0.000001
-0.000001 0.000001
-0.000001 0.000001
-0.000001 0.000001
-0.000001 0.000001
-0.000001 0.000001
-0.000000 0.000001
-0.000000 0.000001
-0.000000 0.000001
-0.000000 0.000001
-0.000000 0.000001
-0.000000 0.000001
-0.000000 0.000001
-0.000000 0.000001
-0.000000 0.000001
-0.000000 0.000001
-0.000000 0.000001
-0.000000 0.000001
-0.000000 0.000001
-0.000000 0.000001
-0.000000 0.000001
-0.000000 0.000001
-0.000000 0.000001
-0.000000 0.000001
-0.000000 0.000001
-0.000000 0.000001
-0.000000 0.000001
-0.000000 0.000001
-0.000000 0.000001
-0.000000 0.000001
-0.000000 0.000001
0.000000 0.000001
0.000000 0.000001
0.000000 0.000001
0.000000 0.000001
0.000000 0.000001
0.000000 0.000001
0.000000 0.000001
0.000000 0.000001
0.000000 0.000001
0.000000 0.000001
0.000000 0.000001
0.000000 0.000001
0.000000 0.000001
0.000000 0.000001
0.000000 0.000001
0.000000 0.000001
0.000000 0.000001
0.000000 0.000001
0.000000 0.000001
0.000000 0.000001
0.000000 0.000001
0.000000 0.000001
0.000000 0.000001
0.000000 0.000001
0.000000 0.000001
0.000000 0.000001
0.000000 0.000001
0.000000 0.000001
0.000001 0.000001
0.000001 0.000001
0.000001 0.000001
0.000001 0.000001
0.000001 0.000001
0.000001 0.000001
0.000001 0.000001
0.000001 0.000001
0.000001 0.000001
0.000001 0.000001
0.000001 0.000001
0.000001 0.000001
0.000001 0.000001
0.000001 0.000001
0.000001 0.000001
0.000001 0.000000
0.000001 0.000000
0.000001 0.000000
0.000001 0.000000
0.000001 0.000000
0.000001 0.000000
0.000001 0.000000
0.000001 0.000000
0.000001 0.000000
0.000001 0.000000
0.000001 0.000000
0.000001 0.000000
0.000001 0.000000
0.000001 0.000000
0.000001 0.000000
0.000001 0.000000
0.000001 0.000000
0.000001 0.000000
0.000001 0.000000
0.000001 0.000000
0.000001 0.000000
0.000001 0.000000
0.000001 0.000000
0.000001 0.000000
0.000001 0.000000
0.000001 0.000000
0.000001 0.000000
0.000001 0.000000
0.000001 0.000000
0.000001 -0.000000
0.000001 -0.000000
0.000001 -0.000000
0.000001 -0.000000
0.000001 -0.000000
0.000001 -0.000000
0.000001 -0.000000
0.000001 -0.000000
0.000001 -0.000000
0.000001 -0.000000
0.000001 -0.000000
0.000001 -0.000000
0.000001 -0.000000
0.000001 -0.000000
0.000001 -0.000000
0.000001 -0.000000
0.000001 -0.000000
0.000001 -0.000000
0.000001 -0.000000
0.000001 -0.000000
0.000001 -0.000000
0.000001 -0.000000
0.000001 -0.000000
0.000001 -0.000000
0.000001 -0.000000
0.000001 -0.000000
0.000001 -0.000000
0.000001 -0.000000
0.000001 -0.000001
0.000001 -0.000001
0.000001 -0.000001
0.000001 -0.000001
0.000001 -0.000001
0.000001 -0.000001
0.000001 -0.000001
0.000001 -0.000001
0.000001 -0.000001
0.000001 -0.000001
0.000001 -0.000001
0.000001 -0.000001
0.000001 -0.000001
0.000001 -0.000001
0.000001 -0.000001
0.000000 -0.000001
0.000000 -0.000001
0.000000 -0.000001
0.000000 -0.000001
0.000000 -0.000001
0.000000 -0.000001
0.000000 -0.000001
0.000000 -0.000001
0.000000 -0.000001
0.000000 -0.000001
0.000000 -0.000001
0.000000 -0.000001
0.000000 -0.000001
0.000000 -0.000001
0.000000 -0.000001
0.000000 -0.000001
0.000000 -0.000001
0.000000 -0.000001
0.000000 -0.000001
0.000000 -0.000001
0.000000 -0.000001
0.000000 -0.000001
0.000000 -0.000001
0.000000 -0.000001
0.000000 -0.000001
0.000000 -0.000001
0.000000 -0.000001
0.000000 -0.000001
-0.000000 -0.000001
-0.000000 -0.000001
-0.000000 -0.000001
-0.000000 -0.000001
-0.000000 -0.000001
-0.000000 -0.000001
-0.000000 -0.000001
-0.000000 -0.000001
-0.000000 -0.000001
-0.000000 -0.000001
-0.000000 -0.000001
-0.000000 -0.000001
-0.000000 -0.000001
-0.000000 -0.000001
-0.000000 -0.000001
-0.000000 -0.000001
-0.000000 -0.000001
-0.000000 -0.000001
-0.000000 -0.000001
-0.000000 -0.000001
-0.000000 -0.000001
-0.000000 -0.000001
-0.000000 -0.000001
-0.000000 -0.000001
-0.000000 -0.000001
-0.000001 -0.000001
-0.000001 -0.000001
-0.000001 -0.000001
-0.000001 -0.000001
-0.000001 -0.000001
-0.000001 -0.000001
-0.000001 -0.000001
-0.000001 -0.000001
-0.000001 -0.000001
-0.000001 -0.000001
-0.000001 -0.000001
-0.000001 -0.000001
-0.000001 -0.000001
-0.000001 -0.000001
-0.000001 -0.000001
-0.000001 -0.000001
-0.000001 -0.000001
-0.000001 -0.000001
-0.000001 -0.000001
-0.000001 -0.000001
-0.000001 -0.000001
-0.000001 -0.000001
-0.000001 -0.000001
-0.000001 -0.000001
-0.000001 -0.000001
-0.000001 -0.000000
-0.000001 -0.000000
-0.000001 -0.000000
-0.000001 -0.000000
-0.000001 -0.000000
-0.000001 -0.000000
-0.000001 -0.000000
-0.000001 -0.000000
-0.000001 -0.000000
-0.000001 -0.000000
-0.000001 -0.000000
-0.000001 -0.000000
-0.000001 -0.000000
-0.000001 -0.000000
-0.000001 -0.000000
-0.000001 -0.000000
-0.000001 -0.000000
-0.000001 -0.000000
-0.000001 -0.000000
-0.000001 -0.000000
-0.000001 -0.000000
-0.000001 -0.000000
-0.000001 -0.000000
-0.000001 0.000000
-0.000001 0.000000
-0.000001 0.000000
-0.000001 0.000000
-0.000001 0.000000
-0.000001 0.000000
-0.000001 0.000000
-0.000001 0.000000
-0.000001 0.000000
-0.000001 0.000000
-0.000001 0.000000
-0.000001 0.000000
-0.000001 0.000000
-0.000001 0.000000
-0.000001 0.000000
-0.000001 0.000000
-0.000001 0.000000
-0.000001 0.000000
-0.000001 0.000001
-0.000001 0.000001
-0.000001 0.000001
-0.000001 0.000001
-0.000001 0.000001
-0.000001 0.000001
-0.000001 0.000001
-0.000001 0.000001
-0.000001 0.000001
-0.000001 0.000001
-0.000001 0.000001
-0.000001 0.000001
-0.000001 0.000001
-0.000001 0.000001
-0.000001 0.000001
-0.000001 0.000001
-0.000001 0.000001
-0.000001 0.000001
-0.000001 0.000001
-0.000001 0.000001
-0.000001 0.000001
-0.000001 0.000001
-0.000001 0.000001
-0.000001 0.000001
-0.000001 0.000001
-0.000001 0.000001
-0.000001 0.000001
-0.000001 0.000001
-0.000001 0.000001
-0.000001 0.000001
-0.000001 0.000001
-0.000001 0.000001
-0.000001 0.000001
-0.000001 0.000001
-0.000001 0.000001
-0.000001 0.000001
-0.000001 0.000002
-0.000001 0.000002
-0.000001 0.000002
-0.000001 0.000002
-0.000001 0.000002
-0.000001 0.000002
-0.000000 0.000002
-0.000000 0.000002
-0.000000 0.000002
-0.000000 0.000002
-0.000000 0.000002
-0.000000 0.000002
-0.000000 0.000002
-0.000000 0.000002
-0.000000 0.000002
-0.000000 0.000002
-0.000000 0.000002
-0.000000 0.000002
-0.000000 0.000002
-0.000000 0.000002
0.000000 0.000002
0.000000 0.000002
0.000000 0.000002
0.000000 0.000002
0.000000 0.000002
0.000000 0.000002
0.000000 0.000002
0.000000 0.000002
0.000000 0.000002
0.000000 0.000002
0.000000 0.000002
0.000000 0.000002
0.000001 0.000002
0.000001 0.000002
0.000001 0.000002
0.000001 0.000002
0.000001 0.000002
0.000001 0.000002
0.000001 0.000002
0.000001 0.000002
0.000001 0.000002
0.000001 0.000002
0.000001 0.000002
0.000001 0.000002
0.000001 0.000002
0.000001 0.000002
0.000001 0.000002
0.000001 0.000002
0.000001 0.000002
0.000001 0.000002
0.000001 0.000002
0.000001 0.000002
0.000002 0.000002
0.000002 0.000002
0.000002 0.000002
0.000002 0.000002
0.000002 0.000002
0.000002 0.000002
0.000002 0.000002
0.000002 0.000002
0.000002 0.000002
0.000002 0.000002
0.000002 0.000002
0.000002 0.000002
0.000002 0.000002
0.000002 0.000002
0.000002 0.000002
0.000002 0.000002
0.000002 0.000002
0.000002 0.000002
0.000002 0.000001
0.000002 0.000001
0.000003 0.000001
0.000003 0.000001
0.000003 0.000001
0.000003 0.000001
0.000003 0.000001
0.000003 0.000001
0.000003 0.000001
0.000003 0.000001
0.000003 0.000001
0.000003 0.000001
0.000003 0.000001
0.000003 0.000001
0.000003 0.000001
0.000003 0.000001
0.000003 0.000001
0.000003 0.000001
0.000003 0.000001
0.000003 0.000001
0.000003 0.000000
0.000003 0.000000
0.000003 0.000000
0.000004 0.000000
0.000004 0.000000
0.000004 0.000000
0.000004 0.000000
0.000004 0.000000
0.000004 -0.000000
0.000004 -0.000000
0.000004 -0.000000
0.000004 -0.000000
0.000004 -0.000000
0.000004 -0.000000
0.000004 -0.000001
0.000004 -0.000001
0.000004 -0.000001
0.000004 -0.000001
0.000004 -0.000001
0.000004 -0.000001
0.000004 -0.000001
0.000004 -0.000001
0.000004 -0.000001
0.000004 -0.000001
0.000004 -0.000001
0.000004 -0.000001
0.000004 -0.000002
0.000004 -0.000002
0.000004 -0.000002
0.000004 -0.000002
0.000004 -0.000002
0.000004 -0.000002
0.000004 -0.000002
0.000004 -0.000002
0.000004 -0.000002
0.000004 -0.000003
0.000004 -0.000003
0.000004 -0.000003
0.000004 -0.000003
0.000004 -0.000003
0.000004 -0.000003
0.000004 -0.000003
0.000004 -0.000003
0.000004 -0.000003
0.000004 -0.000004
0.000004 -0.000004
0.000004 -0.000004
0.000004 -0.000004
0.000004 -0.000004
0.000004 -0.000004
0.000004 -0.000004
0.000004 -0.000004
0.000004 -0.000004
0.000004 -0.000005
0.000004 -0.000005
0.000004 -0.000005
0.000004 -0.000005
0.000004 -0.000005
0.000004 -0.000005
0.000003 -0.000005
0.000003 -0.000005
0.000003 -0.000006
0.000003 -0.000006
0.000003 -0.000006
0.000003 -0.000006
0.000003 -0.000006
0.000003 -0.000006
0.000003 -0.000006
0.000003 -0.000007
0.000003 -0.000007
0.000003 -0.000007
0.000003 -0.000007
0.000002 -0.000007
0.000002 -0.000007
0.000002 -0.000007
0.000002 -0.000007
0.000002 -0.000008
0.000002 -0.000008
0.000002 -0.000008
0.000002 -0.000008
0.000002 -0.000008
0.000001 -0.000008
0.000001 -0.000008
0.000001 -0.000008
0.000001 -0.000009
0.000001 -0.000009
0.000001 -0.000009
0.000001 -0.000009
0.000000 -0.000009
0.000000 -0.000009
0.000000 -0.000009
-0.000000 -0.000009
-0.000000 -0.000009
-0.000000 -0.000010
-0.000001 -0.000010
-0.000001 -0.000010
-0.000001 -0.000010
-0.000001 -0.000010
-0.000001 -0.000010
-0.000002 -0.000010
-0.000002 -0.000010
-0.000002 -0.000010
-0.000002 -0.000010
-0.000003 -0.000011
-0.000003 -0.000011
-0.000003 -0.000011
-0.000003 -0.000011
-0.000003 -0.000011
-0.000004 -0.000011
-0.000004 -0.000011
-0.000004 -0.000011
-0.000004 -0.000011
-0.000005 -0.000011
-0.000005 -0.000011
-0.000005 -0.000011
-0.000005 -0.000011
-0.000006 -0.000012
-0.000006 -0.000012
-0.000006 -0.000012
-0.000007 -0.000012
-0.000007 -0.000012
-0.000007 -0.000012
-0.000008 -0.000012
-0.000008 -0.000012
-0.000008 -0.000012
-0.000008 -0.000012
-0.000009 -0.000012
-0.000009 -0.000012
-0.000009 -0.000012
-0.000010 -0.000012
-0.000010 -0.000012
-0.000010 -0.000012
-0.000011 -0.000012
-0.000011 -0.000012
-0.000011 -0.000012
-0.000012 -0.000012
-0.000012 -0.000012
-0.000013 -0.000011
-0.000013 -0.000011
-0.000013 -0.000011
-0.000014 -0.000011
-0.000014 -0.000011
-0.000014 -0.000011
-0.000015 -0.000011
-0.000015 -0.000011
-0.000016 -0.000011
-0.000016 -0.000011
-0.000016 -0.000011
-0.000017 -0.000010
-0.000017 -0.000010
-0.000018 -0.000010
-0.000018 -0.000010
-0.000019 -0.000010
-0.000019 -0.000010
-0.000019 -0.000009
-0.000020 -0.000009
-0.000020 -0.000009
-0.000021 -0.000009
-0.000021 -0.000009
-0.000022 -0.000008
-0.000022 -0.000008
-0.000022 -0.000008
-0.000023 -0.000007
-0.000023 -0.000007
-0.000024 -0.000007
-0.000024 -0.000007
-0.000025 -0.000006
-0.000025 -0.000006
-0.000026 -0.000006
-0.000026 -0.000005
-0.000027 -0.000005
-0.000027 -0.000005
-0.000028 -0.000004
-0.000028 -0.000004
-0.000029 -0.000003
-0.000029 -0.000003
-0.000029 -0.000002
-0.000030 -0.000002
-0.000030 -0.000002
-0.000031 -0.000001
-0.000031 -0.000001
-0.000032 -0.000000
-0.000032 0.000000
-0.000033 0.000001
-0.000033 0.000002
-0.000034 0.000002
-0.000034 0.000003
-0.000035 0.000003
-0.000035 0.000004
-0.000036 0.000005
-0.000036 0.000005
-0.000036 0.000006
-0.000037 0.000007
-0.000037 0.000007
-0.000038 0.000008
-0.000038 0.000009
-0.000039 0.000009
-0.000039 0.000010
-0.000040 0.000011
-0.000040 0.000012
-0.000040 0.000013
-0.000041 0.000013
-0.000041 0.000014
-0.000042 0.000015
-0.000042 0.000016
-0.000042 0.000017
-0.000043 0.000018
-0.000043 0.000019
-0.000044 0.000020
-0.000044 0.000021
-0.000044 0.000022
-0.000045 0.000023
-0.000045 0.000024
-0.000045 0.000025
-0.000046 0.000026
-0.000046 0.000027
-0.000046 0.000028
-0.000046 0.000030
-0.000047 0.000031
-0.000047 0.000032
-0.000047 0.000033
-0.000047 0.000035
-0.000048 0.000036
-0.000048 0.000037
-0.000048 0.000038
-0.000048 0.000040
-0.000048 0.000041
-0.000049 0.000043
-0.000049 0.000044
-0.000049 0.000045
-0.000049 0.000047
-0.000049 0.000048
-0.000049 0.000050
-0.000049 0.000052
-0.000049 0.000053
-0.000049 0.000055
-0.000049 0.000056
-0.000049 0.000058
-0.000049 0.000060
-0.000049 0.000061
-0.000049 0.000063
-0.000048 0.000065
-0.000048 0.000067
-0.000048 0.000068
-0.000048 0.000070
-0.000047 0.000072
-0.000047 0.000074
-0.000047 0.000076
-0.000046 0.000078
-0.000046 0.000080
-0.000046 0.000082
-0.000045 0.000084
-0.000045 0.000086
-0.000044 0.000088
-0.000044 0.000090
-0.000043 0.000092
-0.000042 0.000094
-0.000042 0.000097
-0.000041 0.000099
-0.000040 0.000101
-0.000039 0.000103
-0.000039 0.000106
-0.000038 0.000108
-0.000037 0.000110
-0.000036 0.000113
-0.000035 0.000115
-0.000034 0.000118
-0.000033 0.000120
-0.000031 0.000123
-0.000030 0.000125
-0.000029 0.000128
-0.000028 0.000130
-0.000026 0.000133
-0.000025 0.000136
-0.000023 0.000138
-0.000022 0.000141
-0.000020 0.000144
-0.000018 0.000146
-0.000017 0.000149
-0.000015 0.000152
-0.000013 0.000155
-0.000011 0.000158
-0.000009 0.000160
-0.000007 0.000163
-0.000005 0.000166
-0.000002 0.000169
-0.000000 0.000172
0.000002 0.000175
0.000005 0.000178
0.000007 0.000181
0.000010 0.000184
0.000012 0.000187
0.000015 0.000190
0.000018 0.000193
0.000021 0.000197
0.000024 0.000200
0.000027 0.000203
0.000031 0.000206
0.000034 0.000209
0.000037 0.000213
0.000041 0.000216
0.000044 0.000219
0.000048 0.000222
0.000052 0.000226
0.000056 0.000229
0.000060 0.000232
0.000064 0.000236
0.000068 0.000239
0.000073 0.000242
0.000077 0.000246
0.000082 0.000249
0.000087 0.000252
0.000091 0.000256
0.000096 0.000259
0.000102 0.000262
0.000107 0.000266
0.000112 0.000269
0.000118 0.000273
0.000123 0.000276
0.000129 0.000279
0.000135 0.000283
0.000141 0.000286
0.000147 0.000289
0.000154 0.000293
0.000160 0.000296
0.000167 0.000299
0.000174 0.000303
0.000181 0.000306
0.000188 0.000309
0.000195 0.000313
0.000203 0.000316
0.000211 0.000319
0.000219 0.000322
0.000227 0.000325
0.000235 0.000329
0.000243 0.000332
0.000252 0.000335
0.000261 0.000338
0.000270 0.000341
0.000279 0.000344
0.000288 0.000347
0.000298 0.000349
0.000308 0.000352
0.000318 0.000355
0.000328 0.000358
0.000338 0.000360
0.000349 0.000363
0.000360 0.000365
0.000371 0.000368
0.000382 0.000370
0.000394 0.000372
0.000406 0.000375
0.000418 0.000377
0.000430 0.000379
0.000443 0.000381
0.000455 0.000383
0.000469 0.000384
0.000482 0.000386
0.000495 0.000388
0.000509 0.000389
0.000524 0.000391
0.000538 0.000392
0.000553 0.000393
0.000568 0.000394
0.000583 0.000395
0.000599 0.000395
0.000615 0.000396
0.000631 0.000396
0.000647 0.000397
0.000664 0.000397
0.000681 0.000397
0.000699 0.000396
0.000717 0.000396
0.000735 0.000395
0.000753 0.000395
0.000772 0.000394
0.000791 0.000392
0.000811 0.000391
0.000831 0.000390
0.000851 0.000388
0.000872 0.000386
0.000893 0.000383
0.000914 0.000381
0.000936 0.000378
0.000958 0.000375
0.000981 0.000372
0.001004 0.000368
0.001027 0.000364
0.001051 0.000360
0.001076 0.000356
0.001100 0.000351
0.001125 0.000346
0.001151 0.000340
0.001177 0.000335
0.001203 0.000328
0.001230 0.000322
0.001258 0.000315
0.001286 0.000308
0.001314 0.000300
0.001343 0.000292
0.001372 0.000284
0.001402 0.000275
0.001432 0.000266
0.001463 0.000256
0.001494 0.000246
0.001526 0.000235
0.001559 0.000224
0.001592 0.000212
0.001625 0.000200
0.001659 0.000187
0.001694 0.000174
0.001729 0.000160
0.001765 0.000146
0.001801 0.000131
0.001838 0.000115
0.001876 0.000099
0.001914 0.000082
0.001953 0.000064
0.001992 0.000046
0.002032 0.000027
0.002073 0.000008
0.002114 -0.000013
0.002156 -0.000034
0.002199 -0.000056
0.002242 -0.000078
0.002286 -0.000102
0.002330 -0.000126
0.002376 -0.000151
0.002422 -0.000177
0.002469 -0.000204
0.002516 -0.000232
0.002564 -0.000260
0.002613 -0.000290
0.002663 -0.000321
0.002714 -0.000352
0.002765 -0.000385
0.002817 -0.000419
0.002870 -0.000454
0.002923 -0.000490
0.002978 -0.000527
0.003033 -0.000565
0.003089 -0.000605
0.003146 -0.000645
0.003203 -0.000687
0.003262 -0.000730
0.003321 -0.000775
0.003382 -0.000821
0.003443 -0.000868
0.003505 -0.000917
0.003568 -0.000967
0.003632 -0.001019
0.003696 -0.001072
0.003762 -0.001126
0.003829 -0.001183
0.003896 -0.001241
0.003965 -0.001300
0.004034 -0.001361
0.004105 -0.001424
0.004176 -0.001489
0.004249 -0.001556
0.004322 -0.001625
0.004397 -0.001695
0.004473 -0.001767
0.004549 -0.001842
0.004627 -0.001918
0.004706 -0.001997
0.004785 -0.002078
0.004866 -0.002161
0.004948 -0.002246
0.005032 -0.002333
0.005116 -0.002423
0.005201 -0.002516
0.005288 -0.002611
0.005376 -0.002708
0.005464 -0.002808
0.005555 -0.002910
0.005646 -0.003016
0.005738 -0.003124
0.005832 -0.003234
0.005927 -0.003348
0.006023 -0.003465
0.006120 -0.003585
0.006219 -0.003708
0.006319 -0.003834
0.006420 -0.003963
0.006523 -0.004096
0.006627 -0.004232
0.006732 -0.004371
0.006838 -0.004514
0.006946 -0.004661
0.007055 -0.004811
0.007166 -0.004966
0.007278 -0.005124
0.007391 -0.005286
0.007506 -0.005452
0.007622 -0.005622
0.007740 -0.005797
0.007859 -0.005975
0.007980 -0.006159
0.008102 -0.006347
0.008225 -0.006539
0.008350 -0.006736
0.008477 -0.006938
0.008605 -0.007145
0.008734 -0.007357
0.008865 -0.007575
0.008998 -0.007797
0.009132 -0.008025
0.009268 -0.008259
0.009405 -0.008498
0.009544 -0.008743
0.009685 -0.008994
0.009827 -0.009251
0.009971 -0.009514
0.010117 -0.009784
0.010264 -0.010060
0.010413 -0.010342
0.010564 -0.010631
0.010716 -0.010928
0.010870 -0.011231
0.011026 -0.011541
0.011183 -0.011859
0.011342 -0.012185
0.011503 -0.012518
0.011666 -0.012859
0.011831 -0.013208
0.011997 -0.013565
0.012165 -0.013930
0.012335 -0.014305
0.012507 -0.014688
0.012681 -0.015080
0.012857 -0.015481
0.013034 -0.015891
0.013213 -0.016311
0.013395 -0.016741
0.013578 -0.017181
0.013763 -0.017631
0.013950 -0.018092
0.014139 -0.018563
0.014330 -0.019046
0.014523 -0.019539
0.014718 -0.020044
0.014914 -0.020560
0.015113 -0.021088
0.015314 -0.021629
0.015517 -0.022182
0.015722 -0.022748
0.015929 -0.023326
0.016138 -0.023918
0.016349 -0.024524
0.016563 -0.025143
0.016778 -0.025777
0.016995 -0.026425
0.017215 -0.027088
0.017437 -0.027766
0.017661 -0.028460
0.017887 -0.029169
0.018115 -0.029894
0.018345 -0.030636
0.018578 -0.031395
0.018813 -0.032171
0.019050 -0.032965
0.019289 -0.033777
0.019530 -0.034607
0.019774 -0.035456
0.020020 -0.036324
0.020268 -0.037212
0.020519 -0.038120
0.020772 -0.039049
0.021027 -0.039998
0.021285 -0.040969
0.021544 -0.041962
0.021807 -0.042977
0.022071 -0.044015
0.022338 -0.045077
0.022608 -0.046162
0.022880 -0.047272
0.023154 -0.048407
0.023431 -0.049567
0.023710 -0.050753
0.023992 -0.051966
0.024276 -0.053206
0.024563 -0.054474
0.024852 -0.055771
0.025144 -0.057096
0.025438 -0.058452
0.025735 -0.059837
0.026035 -0.061254
0.026337 -0.062702
0.026642 -0.064183
0.026950 -0.065697
0.027260 -0.067245
0.027574 -0.068827
0.027890 -0.070445
0.028208 -0.072099
0.028530 -0.073789
0.028854 -0.075518
0.029181 -0.077285
0.029512 -0.079092
0.029845 -0.080939
0.030181 -0.082827
0.030520 -0.084757
0.030862 -0.086730
0.031208 -0.088747
0.031556 -0.090809
0.031908 -0.092918
0.032263 -0.095073
0.032621 -0.097276
0.032983 -0.099528
0.033348 -0.101830
0.033716 -0.104183
0.034088 -0.106589
0.034464 -0.109049
0.034843 -0.111563
0.035226 -0.114133
0.035612 -0.116760
0.036003 -0.119446
0.036397 -0.122191
0.036796 -0.124997
0.037198 -0.127866
0.037605 -0.130799
0.038016 -0.133796
0.038431 -0.136861
0.038851 -0.139993
0.039275 -0.143195
0.039704 -0.146468
0.040138 -0.149814
0.040577 -0.153234
0.041020 -0.156731
0.041469 -0.160304
0.041924 -0.163958
0.042383 -0.167692
0.042849 -0.171509
0.043320 -0.175411
0.043797 -0.179400
0.044280 -0.183477
0.044770 -0.187645
0.045266 -0.191905
0.045768 -0.196260
0.046278 -0.200711
0.046794 -0.205262
0.047318 -0.209913
0.047850 -0.214667
0.048389 -0.219527
0.048937 -0.224495
0.049493 -0.229574
0.050057 -0.234764
0.050631 -0.240070
0.051213 -0.245494
0.051805 -0.251038
0.052407 -0.256706
0.053020 -0.262499
0.053643 -0.268420
0.054276 -0.274473
0.054922 -0.280660
0.055579 -0.286985
0.056248 -0.293449
0.056930 -0.300058
0.057625 -0.306812
0.058334 -0.313717
0.059056 -0.320775
0.059794 -0.327989
0.060547 -0.335364
0.061315 -0.342902
0.062100 -0.350607
0.062902 -0.358483
0.063721 -0.366533
0.064559 -0.374763
0.065416 -0.383174
0.066292 -0.391773
0.067189 -0.400562
0.068108 -0.409545
0.069048 -0.418728
0.070012 -0.428115
0.070999 -0.437710
0.072011 -0.447517
0.073049 -0.457541
0.074114 -0.467788
0.075206 -0.478262
0.076328 -0.488968
0.077479 -0.499911
0.078661 -0.511097
0.079876 -0.522530
0.081125 -0.534217
0.082408 -0.546163
0.083728 -0.558373
0.085085 -0.570853
0.086482 -0.583610
0.087920 -0.596649
0.089399 -0.609976
0.090923 -0.623599
0.092492 -0.637523
0.094109 -0.651755
0.095774 -0.666301
0.097491 -0.681170
0.099262 -0.696367
0.101087 -0.711900
0.102969 -0.727776
0.104911 -0.744004
0.106915 -0.760589
0.108983 -0.777541
0.111118 -0.794868
0.113322 -0.812577
0.115597 -0.830677
0.117947 -0.849176
0.120375 -0.868083
0.122883 -0.887407
0.125474 -0.907157
0.128152 -0.927343
0.130919 -0.947973
0.133780 -0.969058
0.136737 -0.990607
0.139795 -1.012631
0.142957 -1.035139
0.146227 -1.058142
0.149609 -1.081651
0.153107 -1.105677
0.156726 -1.130231
0.160470 -1.155324
0.164344 -1.180968
0.168352 -1.207175
0.172500 -1.233956
0.176792 -1.261325
0.181235 -1.289294
0.185833 -1.317875
0.190592 -1.347082
0.195518 -1.376929
0.200618 -1.407428
0.205897 -1.438594
0.211362 -1.470441
0.217020 -1.502984
0.222878 -1.536237
0.228943 -1.570215
0.235222 -1.604934
0.241723 -1.640409
0.248455 -1.676657
0.255426 -1.713694
0.262643 -1.751536
0.270116 -1.790200
0.277854 -1.829704
0.285866 -1.870065
0.294163 -1.911302
0.302753 -1.953432
0.311648 -1.996475
0.320858 -2.040449
0.330395 -2.085373
0.340269 -2.131268
0.350493 -2.178154
0.361079 -2.226051
0.372039 -2.274980
0.383386 -2.324963
0.395134 -2.376021
0.407297 -2.428176
0.419889 -2.481451
0.432925 -2.535868
0.446420 -2.591452
0.460389 -2.648226
0.474850 -2.706215
0.489818 -2.765442
0.505312 -2.825933
0.521348 -2.887714
0.537946 -2.950811
0.555125 -3.015250
0.572903 -3.081058
0.591302 -3.148264
0.610341 -3.216894
0.630043 -3.286977
0.650430 -3.358542
0.671525 -3.431619
0.693351 -3.506237
0.715932 -3.582427
0.739294 -3.660220
0.763463 -3.739648
0.788464 -3.820742
0.814326 -3.903536
0.841077 -3.988062
0.868745 -4.074353
0.897362 -4.162445
0.926958 -4.252371
0.957564 -4.344168
0.989215 -4.437871
1.021942 -4.533516
1.055783 -4.631141
1.090771 -4.730784
1.126945 -4.832481
1.164343 -4.936273
1.203003 -5.042199
1.242967 -5.150298
1.284275 -5.260611
1.326971 -5.373180
1.371098 -5.488046
1.416703 -5.605251
1.463831 -5.724838
1.512531 -5.846852
1.562853 -5.971336
1.614847 -6.098335
1.668566 -6.227894
1.724064 -6.360060
1.781396 -6.494879
1.840619 -6.632398
1.901793 -6.772666
1.964977 -6.915730
2.030234 -7.061640
2.097627 -7.210446
2.167223 -7.362197
2.239089 -7.516945
2.313295 -7.674741
2.389911 -7.835637
2.469013 -7.999686
2.550674 -8.166941
2.634973 -8.337456
2.721990 -8.511285
2.811807 -8.688483
2.904508 -8.869106
3.000180 -9.053209
3.098911 -9.240850
3.200794 -9.432084
3.305923 -9.626970
3.414394 -9.825566
3.526306 -10.027929
3.641761 -10.234120
3.760864 -10.444197
3.883723 -10.658220
4.010448 -10.876250
4.141152 -11.098347
4.275952 -11.324572
4.414967 -11.554987
4.558320 -11.789652
4.706137 -12.028630
4.858548 -12.271983
5.015685 -12.519773
5.177684 -12.772064
5.344685 -13.028917
5.516832 -13.290396
5.694272 -13.556564
5.877155 -13.827484
6.065637 -14.103219
6.259876 -14.383832
6.460036 -14.669387
6.666283 -14.959945
6.878789 -15.255571
7.097730 -15.556326
7.323286 -15.862274
7.555642 -16.173475
7.794987 -16.489993
8.041514 -16.811888
8.295424 -17.139222
8.556921 -17.472054
8.826212 -17.810445
9.103513 -18.154453
9.389042 -18.504137
9.683025 -18.859555
9.985692 -19.220762
10.297278 -19.587816
10.618026 -19.960770
10.948182 -20.339678
11.288001 -20.724593
11.637741 -21.115565
11.997669 -21.512644
12.368055 -21.915878
12.749179 -22.325313
13.141325 -22.740994
13.544785 -23.162964
13.959858 -23.591264
14.386848 -24.025933
14.826068 -24.467007
15.277838 -24.914520
15.742484 -25.368504
16.220341 -25.828989
16.711751 -26.296001
17.217062 -26.769563
17.736634 -27.249695
18.270831 -27.736416
18.820027 -28.229739
19.384604 -28.729674
19.964952 -29.236228
20.561471 -29.749404
21.174567 -30.269199
21.804657 -30.795609
22.452166 -31.328623
23.117530 -31.868227
23.801192 -32.414400
24.503605 -32.967118
25.225231 -33.526350
25.966545 -34.092061
26.728027 -34.664209
27.510170 -35.242746
28.313477 -35.827618
29.138460 -36.418765
29.985643 -37.016118
30.855560 -37.619604
31.748754 -38.229141
32.665782 -38.844638
33.607209 -39.465997
34.573614 -40.093114
35.565584 -40.725872
36.583721 -41.364149
37.628635 -42.007811
38.700951 -42.656715
39.801303 -43.310709
40.930340 -43.969630
42.088719 -44.633303
43.277113 -45.301544
44.496206 -45.974157
45.746693 -46.650932
47.029284 -47.331649
48.344701 -48.016074
49.693676 -48.703960
51.076959 -49.395047
52.495309 -50.089059
53.949499 -50.785707
55.440316 -51.484688
56.968559 -52.185680
58.535043 -52.888347
60.140593 -53.592337
61.786049 -54.297279
63.472266 -55.002786
65.200111 -55.708451
66.970465 -56.413850
68.784222 -57.118537
70.642291 -57.822049
72.545595 -58.523900
74.495069 -59.223585
76.491664 -59.920573
78.536344 -60.614316
80.630086 -61.304238
82.773882 -61.989740
84.968737 -62.670202
87.215670 -63.344973
89.515714 -64.013381
91.869915 -64.674723
94.279334 -65.328271
96.745043 -65.973268
99.268130 -66.608929
101.849695 -67.234436
104.490850 -67.848943
107.192723 -68.451571
109.956452 -69.041409
112.783189 -69.617513
115.674098 -70.178904
118.630356 -70.724568
121.653150 -71.253457
124.743682 -71.764482
127.903163 -72.256520
131.132815 -72.728406
134.433874 -73.178938
137.807582 -73.606871
141.255195 -74.010919
144.777977 -74.389752
148.377203 -74.741999
152.054154 -75.066240
155.810123 -75.361012
159.646409 -75.624804
163.564320 -75.856054
167.565169 -76.053156
171.650277 -76.214449
175.820971 -76.338221
180.078582 -76.422708
184.424448 -76.466093
188.859908 -76.466501
193.386306 -76.422002
198.004987 -76.330608
202.717301 -76.190273
207.524594 -75.998889
212.428216 -75.754288
217.429514 -75.454239
222.529834 -75.096445
227.730518 -74.678547
233.032904 -74.198115
238.438327 -73.652656
243.948115 -73.039603
249.563587 -72.356321
255.286057 -71.600102
261.116825 -70.768164
267.057183 -69.857652
273.108409 -68.865632
279.271770 -67.789095
285.548514 -66.624951
291.939875 -65.370030
298.447067 -64.021081
305.071285 -62.574770
311.813702 -61.027676
318.675468 -59.376294
325.657707 -57.617031
332.761517 -55.746204
339.987966 -53.760042
347.338092 -51.654680
354.812900 -49.426159
362.413359 -47.070429
370.140402 -44.583342
377.994922 -41.960651
385.977768 -39.198012
394.089749 -36.290981
402.331624 -33.235013
410.704104 -30.025458
419.207847 -26.657563
427.843458 -23.126470
436.611484 -19.427213
445.512412 -15.554720
454.546664 -11.503807
463.714600 -7.269182
473.016506 -2.845440
482.452600 1.772938
492.023020 6.591584
501.727829 11.616243
511.567004 16.852781
521.540439 22.307177
531.647937 27.985530
541.889207 33.894059
552.263863 40.039101
562.771415 46.427116
573.411270 53.064686
584.182726 59.958513
595.084966 67.115425
606.117059 74.542372
617.277947 82.246430
628.566450 90.234798
639.981254 98.514804
651.520911 107.093897
663.183833 115.979657
674.968284 125.179786
686.872381 134.702115
698.894082 144.554601
711.031188 154.745328
723.281332 165.282504
735.641976 176.174467
748.110405 187.429676
760.683722 199.056720
773.358842 211.064310
786.132486 223.461281
799.001173 236.256593
811.961221 249.459327
825.008730 263.078686
838.139586 277.123993
851.349450 291.604690
864.633749 306.530336
877.987675 321.910608
891.406175 337.755294
904.883946 354.074297
918.415425 370.877628
931.994786 388.175407
945.615930 405.977860
959.272480 424.295316
972.957773 443.138203
986.664852 462.517048
1000.386457 482.442470
1014.115024 502.925181
1027.842668 523.975980
1041.561184 545.605748
1055.262035 567.825447
1068.936343 590.646114
1082.574883 614.078857
1096.168077 638.134850
1109.705982 662.825328
1123.178283 688.161584
1136.574288 714.154960
1149.882915 740.816844
1163.092686 768.158663
1176.191721 796.191878
1189.167723 824.927975
1202.007979 854.378461
1214.699341 884.554856
1227.228227 915.468685
1239.580607 947.131470
1251.741994 979.554724
1263.697440 1012.749942
1275.431523 1046.728590
1286.928341 1081.502099
1298.171501 1117.081856
1309.144114 1153.479191
1319.828783 1190.705371
1330.207597 1228.771587
1340.262121 1267.688943
1349.973388 1307.468448
1359.321891 1348.121002
1368.287575 1389.657385
1376.849828 1432.088243
1384.987472 1475.424080
1392.678756 1519.675241
1399.901351 1564.851897
1406.632336 1610.964039
1412.848194 1658.021453
1418.524806 1706.033716
1423.637439 1755.010173
1428.160741 1804.959924
1432.068737 1855.891812
1435.334816 1907.814398
1437.931728 1960.735955
1439.831578 2014.664440
1441.005816 2069.607483
1441.425236 2125.572369
1441.059965 2182.566014
1439.879461 2240.594952
1437.852505 2299.665311
1434.947201 2359.782795
1431.130962 2420.952664
1426.370517 2483.179709
1420.631898 2546.468236
1413.880440 2610.822042
1406.080776 2676.244390
1397.196837 2742.737988
1387.191847 2810.304967
1376.028321 2878.946855
1363.668064 2948.664551
1350.072170 3019.458305
1335.201021 3091.327689
1319.014284 3164.271571
1301.470918 3238.288089
1282.529167 3313.374627
1262.146568 3389.527783
1240.279947 3466.743344
1216.885428 3545.016256
1191.918429 3624.340599
1165.333674 3704.709554
1137.085190 3786.115372
1107.126315 3868.549349
1075.409708 3952.001792
1041.887347 4036.461989
1006.510545 4121.918177
969.229954 4208.357509
929.995573 4295.766024
888.756761 4384.128615
845.462245 4473.428992
800.060133 4563.649651
752.497927 4654.771842
702.722534 4746.775531
650.680284 4839.639367
596.316941 4933.340649
539.577723 5027.855289
480.407317 5123.157777
418.749899 5219.221144
354.549154 5316.016928
287.748293 5413.515137
218.290079 5511.684213
146.116847 5610.490995
71.170530 5709.900681
-6.607316 5809.876793
-87.275487 5910.381141
-170.893103 6011.373781
-257.519578 6112.812982
-347.214587 6214.655188
-440.038042 6316.854981
-536.050051 6419.365040
-635.310887 6522.136109
-737.880953 6625.116957
-843.820744 6728.254341
-953.190807 6831.492971
-1066.051704 6934.775470
-1182.463965 7038.042339
-1302.488051 7141.231923
-1426.184306 7244.280371
-1553.612912 7347.121603
-1684.833837 7449.687274
-1819.906794 7551.906739
-1958.891182 7653.707019
-2101.846037 7755.012765
-2248.829978 7855.746229
-2399.901149 7955.827227
-2555.117162 8055.173108
-2714.535041 8153.698724
-2878.211156 8251.316398
-3046.201163 8347.935894
-3218.559939 8443.464389
-3395.341514 8537.806442
-3576.599009 8630.863972
-3762.384556 8722.536226
-3952.749239 8812.719760
-4147.743008 8901.308407
-4347.414615 8988.193264
-4551.811530 9073.262661
-4760.979863 9156.402148
-4974.964289 9237.494473
-5193.807959 9316.419564
-5417.552421 9393.054514
-5646.237531 9467.273569
-5879.901367 9538.948111
-6118.580140 9607.946651
-6362.308103 9674.134818
-6611.117457 9737.375352
-6865.038256 9797.528099
-7124.098316 9854.450007
-7388.323111 9907.995126
-7657.735674 9958.014608
-7932.356501 10004.356711
-8212.203443 10046.866803
-8497.291605 10085.387372
-8787.633236 10119.758035
-9083.237627 10149.815551
-9384.110998 10175.393836
-9690.256389 10196.323983
-10001.673547 10212.434282
-10318.358815 10223.550242
-10640.305017 10229.494622
-10967.501338 10230.087457
-11299.933216 10225.146092
-11637.582212 10214.485220
-11980.425902 10197.916918
-12328.437750 10175.250693
-12681.586985 10146.293526
-13039.838487 10110.849922
-13403.152655 10068.721964
-13771.485288 10019.709369
-14144.787459 9963.609551
-14523.005388 9900.217681
-14906.080320 9829.326760
-15293.948395 9750.727688
-15686.540523 9664.209342
-16083.782257 9569.558657
-16485.593663 9466.560709
-16891.889198 9354.998805
-17302.577578 9234.654579
-17717.561652 9105.308082
-18136.738277 8966.737895
-18559.998188 8818.721226
-18987.225874 8661.034028
-19418.299452 8493.451112
-19853.090542 8315.746269
-20291.464142 8127.692395
-20733.278504 7929.061622
-21178.385017 7719.625453
-21626.628079 7499.154903
-22077.844981 7267.420645
-22531.865789 7024.193158
-22988.513228 6769.242886
-23447.602566 6502.340396
-23908.941501 6223.256543
-24372.330052 5931.762647
-24837.560449 5627.630663
-25304.417030 5310.633366
-25772.676134 4980.544534
-26242.106004 4637.139149
-26712.466685 4280.193583
-27183.509935 3909.485812
-27654.979132 3524.795614
-28126.609182 3125.904792
-28598.126444 2712.597386
-29069.248640 2284.659901
-29539.684787 1841.881536
-30009.135121 1384.054417
-30477.291032 910.973840
-30943.834997 422.438516
-31408.440531 -81.749183
-31870.772124 -601.782960
-32330.485200 -1137.852339
-32787.226076 -1690.142397
-33240.631920 -2258.833490
-33690.330725 -2844.100982
-34135.941285 -3446.114961
-34577.073174 -4065.039954
-35013.326738 -4701.034636
-35444.293088 -5354.251537
-35869.554103 -6024.836742
-36288.682440 -6712.929585
-36701.241553 -7418.662344
-37106.785711 -8142.159925
-37504.860039 -8883.539552
-37895.000553 -9642.910439
-38276.734210 -10420.373471
-38649.578965 -11216.020875
-39013.043839 -12029.935891
-39366.628992 -12862.192434
-39709.825809 -13712.854759
-40042.116990 -14581.977121
-40362.976659 -15469.603431
-40671.870470 -16375.766912
-40968.255735 -17300.489751
-41251.581557 -18243.782746
-41521.288969 -19205.644959
-41776.811093 -20186.063361
-42017.573304 -21185.012477
-42242.993402 -22202.454031
-42452.481805 -23238.336588
-42645.441743 -24292.595199
-42821.269470 -25365.151044
-42979.354485 -26455.911072
-43119.079766 -27564.767648
-43239.822017 -28691.598192
-43340.951921 -29836.264828
-43421.834415 -30998.614027
-43481.828973 -32178.476257
-43520.289897 -33375.665630
-43536.566627 -34589.979556
-43530.004064 -35821.198395
-43499.942902 -37069.085118
-43445.719975 -38333.384966
-43366.668617 -39613.825114
-43262.119035 -40910.114341
-43131.398699 -42221.942705
-42973.832737 -43548.981219
-42788.744356 -44890.881537
-42575.455259 -46247.275643
-42333.286097 -47617.775548
-42061.556914 -49001.972992
-41759.587621 -50399.439156
-41426.698475 -51809.724377
-41062.210576 -53232.357878
-40665.446372 -54666.847497
-40235.730185 -56112.679438
-39772.388745 -57569.318014
-39274.751740 -59036.205422
-38742.152378 -60512.761506
-38173.927960 -61998.383547
-37569.420476 -63492.446059
-36927.977197 -64994.300596
-36248.951300 -66503.275570
-35531.702485 -68018.676090
-34775.597624 -69539.783803
-33980.011409 -71065.856761
-33144.327014 -72596.129289
-32267.936778 -74129.811882
-31350.242886 -75666.091111
-30390.658074 -77204.129539
-29388.606336 -78743.065665
-28343.523648 -80282.013880
-27254.858699 -81820.064436
-26122.073631 -83356.283443
-24944.644797 -84889.712874
-23722.063517 -86419.370599
-22453.836852 -87944.250430
-21139.488383 -89463.322192
-19778.558999 -90975.531814
-18370.607691 -92479.801437
-16915.212360 -93975.029547
-15411.970623 -95460.091132
-13860.500629 -96933.837857
-12260.441886 -98395.098264
-10611.456085 -99842.677995
-8913.227937 -101275.360043
-7165.466004 -102691.905021
-5367.903545 -104091.051457
-3520.299359 -105471.516119
-1622.438627 -106831.994364
325.866234 -108171.160504
2324.774725 -109487.668214
4374.417418 -110780.150955
6474.895101 -112047.222426
8626.277937 -113287.477047
10828.604610 -114499.490468
13081.881489 -115681.820105
15386.081783 -116833.005703
17741.144707 -117951.569935
20146.974649 -119036.019018
22603.440347 -120084.843368
25110.374069 -121096.518279
27667.570802 -122069.504635
30274.787451 -123002.249646
32931.742042 -123893.187622
35638.112946 -124740.740767
38393.538098 -125543.320011
41197.614246 -126299.325868
44049.896200 -127007.149323
46949.896099 -127665.172755
49897.082697 -128271.770882
52890.880657 -128825.311738
55930.669873 -129324.157688
59015.784798 -129766.666460
62145.513799 -130151.192214
65319.098532 -130476.086643
68535.733333 -130739.700094
71794.564637 -130940.382725
75094.690416 -131076.485691
78435.159643 -131146.362356
81814.971785 -131148.369531
85233.076313 -131080.868746
88688.372251 -130942.227540
92179.707745 -130730.820791
95705.879664 -130445.032060
99265.633235 -130083.254965
102857.661707 -129643.894585
106480.606045 -129125.368882
110133.054666 -128526.110151
113813.543200 -127844.566495
117520.554295 -127079.203315
121252.517457 -126228.504832
125007.808922 -125290.975626
128784.751581 -124265.142192
132581.614927 -123149.554521
136396.615058 -121942.787700
140227.914718 -120643.443524
144073.623373 -119250.152129
147931.797345 -117761.573643
151800.439979 -116176.399849
155677.501863 -114493.355857
159560.881090 -112711.201801
163448.423570 -110828.734534
167337.923393 -108844.789346
171227.123236 -106758.241676
175113.714822 -104568.008850
178995.339431 -102273.051808
182869.588463 -99872.376848
186734.004052 -97365.037370
190586.079730 -94750.135620
194423.261152 -92026.824440
198242.946867 -89194.309011
202042.489149 -86251.848603
205819.194884 -83198.758309
209570.326505 -80034.410787
213293.102992 -76758.237985
216984.700927 -73369.732863
220642.255600 -69868.451104
224262.862179 -66254.012812
227843.576934 -62526.104194
231381.418521 -58684.479237
234873.369320 -54728.961352
238316.376837 -50659.445015
241707.355157 -46475.897375
245043.186463 -42178.359850
248320.722605 -37766.949687
251536.786735 -33241.861506
254688.174994 -28603.368811
257771.658256 -23851.825471
260783.983939 -18987.667170
263721.877858 -14011.412824
266582.046150 -8923.665957
269361.177242 -3725.116048
272055.943886 1583.460171
274663.005242 7001.197453
277179.009016 12527.140818
279600.593658 18160.244385
281924.390604 23899.370249
284147.026579 29743.287405
286265.125943 35690.670727
288275.313099 41740.100001
290174.214934 47890.059015
291958.463327 54138.934696
293624.697689 60485.016325
295169.567557 66926.494793
296589.735229 73461.461937
297881.878446 80087.909930
299042.693113 86803.730745
300068.896061 93606.715684
300957.227846 100494.554978
301704.455590 107464.837458
302307.375852 114515.050307
302762.817539 121642.578879
303067.644838 128844.706600
303218.760193 136118.614949
303213.107294 143461.383515
303047.674108 150869.990143
302719.495917 158341.311158
302225.658394 165872.121675
301563.300683 173459.096002
300729.618511 181098.808119
299721.867302 188787.732260
298537.365311 196522.243571
297173.496764 204298.618875
295627.715010 212113.037516
293897.545673 219961.582305
291980.589805 227840.240558
289874.527046 235744.905231
287577.118771 243671.376148
285086.211240 251615.361333
282399.738732 259572.478431
279515.726669 267538.256235
276432.294730 275508.136307
273147.659937 283477.474705
269660.139734 291441.543801
265968.155025 299395.534205
262070.233206 307334.556790
257965.011145 315253.644809
253651.238145 323147.756129
249127.778865 331011.775544
244393.616199 338840.517204
239447.854118 346628.727141
234289.720459 354371.085886
228918.569670 362062.211193
223333.885503 369696.660863
217535.283645 377268.935654
211522.514299 384773.482303
205295.464694 392204.696629
198854.161534 399556.926743
192198.773376 406824.476346
185329.612943 414001.608116
178247.139346 421082.547196
170951.960246 428061.484760
163444.833919 434932.581678
155726.671245 441689.972259
147798.537605 448327.768083
139661.654686 454840.061916
131317.402195 461220.931701
122767.319471 467464.444637
114013.106997 473564.661323
105056.627814 479515.639983
95899.908822 485311.440766
86545.141969 490946.130102
76994.685339 496413.785143
67251.064115 501708.498249
57316.971422 506824.381548
47195.269063 511755.571550
36888.988116 516496.233811
26401.329416 521040.567658
15735.663903 525382.810954
4895.532844 529517.244911
-6115.352084 533438.198945
-17293.108838 537140.055571
-28633.685197 540617.255325
-40132.859084 543864.301726
-51786.239035 546875.766256
-63589.264803 549646.293369
-75537.208114 552170.605516
-87625.173561 554443.508185
-99848.099658 556459.894951
-112200.760025 558214.752533
-124677.764744 559703.165853
-137273.561846 560920.323091
-149982.438964 561861.520736
-162798.525135 562522.168623
-175715.792756 562897.794954
-188728.059688 562984.051301
-201828.991531 562776.717581
-215012.104033 562271.707001
-228270.765672 561465.070973
-241598.200385 560353.003981
-254987.490453 558931.848410
-268431.579542 557198.099327
-281923.275898 555148.409202
-295455.255695 552779.592573
-309020.066543 550088.630649
-322610.131133 547072.675841
-336217.751054 543729.056221
-349835.110742 540055.279903
-363454.281587 536049.039338
-377067.226186 531708.215519
-390665.802743 527030.882102
-404241.769605 522015.309415
-417786.789952 516659.968377
-431292.436617 510963.534297
-444750.197046 504924.890570
-458151.478398 498543.132249
-471487.612766 491817.569498
-484749.862538 484747.730918
-497929.425881 477333.366741
-511017.442345 469574.451886
-524004.998594 461471.188876
-536883.134246 453024.010612
-549642.847829 444233.582998
-562275.102851 435100.807404
-574770.833968 425626.822987
-587120.953255 415813.008834
-599316.356583 405660.985952
-611347.930070 395172.619081
-623206.556644 384350.018339
-634883.122668 373195.540687
-646368.524660 361711.791212
-657653.676075 349901.624236
-668729.514168 337768.144224
-679587.006906 325314.706516
-690217.159957 312544.917856
-700611.023713 299462.636733
-710759.700377 286071.973516
-720654.351079 272377.290396
-730286.203040 258383.201121
-739646.556755 244094.570526
-748726.793212 229516.513855
-757518.381118 214654.395877
-766012.884150 199513.829791
-774201.968200 184100.675913
-782077.408625 168421.040157
-789631.097497 152481.272299
-796855.050829 136287.964025
-803741.415788 119847.946761
-810282.477880 103168.289292
-816470.668109 86256.295156
-822298.570084 69119.499830
-827758.927094 51765.667693
-832844.649122 34202.788771
-837548.819801 16439.075275
-841864.703310 -1517.042089
-845785.751191 -19656.918014
-849305.609085 -37971.696706
-852418.123395 -56452.316205
-855117.347838 -75089.512921
-857397.549911 -93873.826375
-859253.217248 -112795.604149
-860679.063858 -131845.007040
-861670.036254 -151012.014413
-862221.319445 -170286.429758
-862328.342806 -189657.886440
-861986.785799 -209115.853646
-861192.583559 -228649.642513
-859941.932316 -248248.412458
-858231.294674 -267901.177674
-856057.404712 -287596.813817
-853417.272925 -307324.064861
-850308.190981 -327071.550127
-846727.736304 -346827.771477
-842673.776465 -366581.120666
-838144.473377 -386319.886855
-833138.287299 -406032.264271
-827653.980631 -425706.360015
-821690.621497 -445330.202010
-815247.587126 -464891.747080
-808324.566995 -484378.889161
-800921.565767 -503779.467637
-793038.905992 -523081.275781
-784677.230572 -542272.069323
-775837.504996 -561339.575103
-766521.019333 -580271.499836
-756729.389975 -599055.538954
-746464.561142 -617679.385542
-735728.806122 -636130.739340
-724524.728272 -654397.315819
-712855.261745 -672466.855316
-700723.671971 -690327.132223
-688133.555867 -707965.964219
-675088.841780 -725371.221546
-661593.789174 -742530.836307
-647652.988032 -759432.811792
-633271.358003 -776065.231819
-618454.147263 -792416.270075
-603206.931116 -808474.199460
-587535.610312 -824227.401423
-571446.409092 -839664.375269
-554945.872965 -854773.747451
-538040.866197 -869544.280822
-520738.569043 -883964.883840
-503046.474686 -898024.619730
-484972.385918 -911712.715573
-466524.411540 -925018.571340
-447710.962494 -937931.768836
-428540.747725 -950442.080572
-409022.769773 -962539.478529
-389166.320104 -974214.142830
-368980.974172 -985456.470298
-348476.586224 -996257.082893
-327663.283846 -1006606.836027
-306551.462252 -1016496.826742
-285151.778326 -1025918.401739
-263475.144414 -1034863.165269
-241532.721868 -1043322.986849
-219335.914356 -1051290.008825
-196896.360935 -1058756.653756
-174225.928893 -1065715.631610
-151336.706363 -1072159.946782
-128240.994720 -1078082.904907
-104951.300761 -1083478.119471
-81480.328674 -1088339.518216
-57840.971806 -1092661.349319
-34046.304234 -1096438.187359
-10109.572138 -1099664.939040
13955.815004 -1102336.848686
38136.293398 -1104449.503493
62418.154095 -1105998.838525
86787.552309 -1106981.141468
111230.516895 -1107393.057109
135732.959975 -1107231.591562
160280.686702 -1106494.116217
184859.405169 -1105178.371419
209454.736428 -1103282.469862
234052.224638 -1100804.899700
258637.347315 -1097744.527378
283195.525690 -1094100.600158
307712.135149 -1089872.748360
332172.515764 -1085060.987301
356561.982897 -1079665.718932
380865.837862 -1073687.733168
405069.378657 -1067128.208918
429157.910727 -1059988.714801
453116.757776 -1052271.209550
476931.272605 -1043978.042105
500586.847966 -1035111.951396
524068.927427 -1025676.065805
547363.016237 -1015673.902314
570454.692185 -1005109.365339
593329.616432 -993986.745246
615973.544321 -982310.716552
638372.336149 -970086.335809
660511.967884 -957319.039174
682378.541834 -944014.639663
703958.297242 -930179.324100
725237.620804 -915819.649742
746203.057113 -900942.540611
766841.318987 -885555.283503
787139.297714 -869665.523711
807084.073164 -853281.260429
826662.923794 -836410.841869
845863.336508 -819062.960085
864673.016381 -801246.645494
883079.896234 -782971.261127
901072.146050 -764246.496583
918638.182214 -745082.361712
935766.676590 -725489.180028
952446.565402 -705477.581845
968667.057928 -685058.497159
984417.644992 -664243.148271
999688.107244 -643043.042155
1014468.523232 -621469.962587
1028749.277236 -599535.962033
1042521.066886 -577253.353305
1055774.910530 -554634.700996
1068502.154362 -531692.812688
1080694.479296 -508440.729964
1092343.907586 -484891.719205
1103442.809171 -461059.262197
1113983.907761 -436957.046551
1123960.286640 -412598.955944
1133365.394189 -387999.060190
1142193.049120 -363171.605146
1150437.445421 -338131.002468
1158093.157003 -312891.819222
1165155.142045 -287468.767357
1171618.747034 -261876.693054
1177479.710499 -236130.565955
1182734.166428 -210245.468291
1187378.647372 -184236.583898
1191410.087228 -158119.187161
1194825.823707 -131908.631864
1197623.600466 -105620.339981
1199801.568931 -79269.790398
1201358.289775 -52872.507596
1202292.734080 -26444.050281
1202604.284165 -0.000000


